version 3
run General-0-20240513-12:44:15-30802
attr configname General
attr datetime 20240513-12:44:15
attr datetimef 20240513-124415
attr experiment General
attr inifile omnetpp.ini
attr iterationvars ""
attr iterationvarsd ""
attr iterationvarsf ""
attr measurement ""
attr network Network
attr processid 30802
attr repetition 0
attr replication #0
attr resultdir results
attr runnumber 0
attr seedset 0
config network Network
config sim-time-limit 200s
config Network.gen.generationInterval exponential(0.001)
config Network.queue.serviceTime exponential(0.001)
config Network.nodeTx.gen.generationInterval exponential(0.6)
config Network.nodeTx.queue.serviceTime 0
config Network.nodeRx.queue.serviceTime 0
config Network.nodeTx.gen.packetByteSize 12500
config Network.queue.bufferSize 200
config Network.nodeRx.queue.bufferSize 200
config Network.nodeTx.queue.bufferSize 2000000

vector 0 Network.nodeTx.gen packetGen ETV
vector 1 Network.nodeTx.queue BufferSize ETV
vector 2 Network.queue BufferSize ETV
vector 3 Network.nodeRx.queue BufferSize ETV
vector 4 Network.nodeRx.sink Delay ETV
vector 5 Network.nodeRx.sink PacketUsed ETV
0	1	0.477524702739	1
0	12	1.016660935829	1
0	23	1.770219390657	1
0	34	2.885981917902	1
0	45	3.439915796784	1
0	56	4.610842998315	1
0	67	5.083163682304	1
0	78	6.210542114826	1
0	87	6.541171206828	1
0	100	7.127375062664	1
0	111	7.750270643062	1
0	120	8.041347541295	1
0	131	8.386659059425	1
0	142	8.598554542908	1
0	155	9.93266919613	1
0	158	9.967699997586	1
0	174	11.956647365543	1
0	180	12.147661050048	1
0	193	12.437822313017	1
0	204	12.827490121968	1
0	217	13.768827792542	1
0	228	14.772154512737	1
0	239	15.223758980725	1
0	248	15.616088521058	1
0	261	16.119748232798	1
0	270	16.419071438208	1
0	283	17.978023889717	1
0	294	19.063045448282	1
0	297	19.107256661561	1
0	307	19.354203459307	1
0	312	19.408900074982	1
0	329	20.035667579967	1
0	332	20.047922933006	1
0	344	20.323471815359	1
0	360	21.395964413422	1
0	371	23.286066370628	1
0	382	24.18953692581	1
0	385	24.280275438009	1
0	401	25.504463992774	1
0	412	26.728999322321	1
0	423	29.036132443806	1
0	432	29.421157947413	1
0	445	30.38430168165	1
0	456	31.352702926586	1
0	465	31.724060602362	1
0	478	32.165039255076	1
0	489	33.07496083947	1
0	500	33.756524204496	1
0	503	33.832048850159	1
0	519	34.597185471493	1
0	530	35.210044596103	1
0	541	35.733437313128	1
0	544	35.826275121428	1
0	558	36.288775916508	1
0	571	38.0254282033	1
0	582	38.878247011356	1
0	593	39.32094338641	1
0	596	39.38811108279	1
0	608	39.709450514927	1
0	620	40.094467336146	1
0	628	40.278835547438	1
0	637	40.402557516656	1
0	653	41.295510412107	1
0	664	42.096684522881	1
0	673	42.462133976791	1
0	681	42.608563071233	1
0	696	43.1127638946	1
0	699	43.199930710975	1
0	701	43.211311852496	1
0	715	43.446374338902	1
0	731	44.023202902341	1
0	736	44.120484796009	1
0	752	44.688682802314	1
0	758	44.839547961559	1
0	773	45.41527674798	1
0	782	45.708410977565	1
0	795	47.435159990332	1
0	806	48.832508014861	1
0	817	49.519591387681	1
0	826	49.878239033772	1
0	837	50.145550130803	1
0	850	50.715246880901	1
0	859	51.059966324946	1
0	872	52.455776961963	1
0	883	53.173441641637	1
0	886	53.236178377102	1
0	889	53.273447551382	1
0	910	55.373575762055	1
0	921	56.032923242586	1
0	932	56.668223721479	1
0	943	57.334582188891	1
0	949	57.447037828502	1
0	958	57.588761852152	1
0	970	57.854804269324	1
0	975	57.937621482381	1
0	992	58.771047096256	1
0	1001	58.998424274826	1
0	1014	59.560061210689	1
0	1023	59.831322446824	1
0	1034	60.067189981206	1
0	1047	60.573846657323	1
0	1050	60.597356551171	1
0	1062	60.943751137655	1
0	1076	61.547273740755	1
0	1087	64.219971848461	1
0	1098	66.135739833693	1
0	1101	66.200320898587	1
0	1117	66.835016746598	1
0	1123	66.975597657863	1
0	1138	67.580409205115	1
0	1144	67.68595733237	1
0	1159	70.902017542516	1
0	1170	71.537263171572	1
0	1181	72.060412683747	1
0	1187	72.235661003707	1
0	1200	72.556699809957	1
0	1211	72.933464758552	1
0	1222	73.319733359514	1
0	1230	73.487899564601	1
0	1245	74.074018009043	1
0	1251	74.177894482731	1
0	1262	74.425395220684	1
0	1267	74.495568466559	1
0	1284	75.169469447479	1
0	1295	75.810312765769	1
0	1304	76.039246271794	1
0	1307	76.128473633345	1
0	1325	77.032454833309	1
0	1331	77.163783191213	1
0	1346	78.956097126324	1
0	1355	79.232105500968	1
0	1368	79.883867129495	1
0	1379	80.916066124125	1
0	1382	80.924264871184	1
0	1384	80.985551800099	1
0	1404	81.570612960593	1
0	1417	82.662504312164	1
0	1428	83.334392931616	1
0	1431	83.395013796801	1
0	1447	85.539166820208	1
0	1458	87.788585695959	1
0	1469	89.051778476434	1
0	1478	89.431180434271	1
0	1491	89.858730590271	1
0	1502	92.115886960973	1
0	1505	92.150283116827	1
0	1519	92.707370214968	1
0	1530	93.067338346953	1
0	1543	93.873885510244	1
0	1546	93.885999587132	1
0	1548	93.909985366567	1
0	1562	94.259712399887	1
0	1572	94.459158544465	1
0	1590	96.794100618172	1
0	1593	96.870934677359	1
0	1605	97.138186354511	1
0	1615	97.34889200814	1
0	1627	97.742279778758	1
0	1632	97.818112960613	1
0	1648	98.518237076542	1
0	1657	98.747857645859	1
0	1670	100.02239996406	1
0	1679	100.343330589514	1
0	1692	101.845677659365	1
0	1695	101.885456100254	1
0	1700	102.032093369103	1
0	1719	102.739607085342	1
0	1730	103.239313194982	1
0	1741	103.740971714164	1
0	1752	104.942916027668	1
0	1758	105.127964931727	1
0	1773	105.554713694057	1
0	1784	105.999169064325	1
0	1795	107.490518478511	1
0	1798	107.549708663562	1
0	1814	109.073891368337	1
0	1825	109.588628752982	1
0	1828	109.640691042386	1
0	1844	111.230244599592	1
0	1850	111.425448848909	1
0	1863	111.655584977368	1
0	1866	111.661225427766	1
0	1884	112.321732973821	1
0	1895	113.430129564422	1
0	1898	113.514927992558	1
0	1914	114.139996385066	1
0	1925	114.895956671131	1
0	1936	116.000726154023	1
0	1945	116.205718654239	1
0	1951	116.390229288496	1
0	1962	116.511639551636	1
0	1976	116.81595962559	1
0	1989	117.345837050766	1
0	2000	117.828715490647	1
0	2003	117.840902965924	1
0	2008	117.949054317115	1
0	2027	119.008498960563	1
0	2036	119.28553749819	1
0	2039	119.288361422485	1
0	2041	119.383366326223	1
0	2063	120.062946811406	1
0	2076	120.568796630695	1
0	2082	120.757629627208	1
0	2097	121.48753481927	1
0	2108	122.28478954352	1
0	2117	122.488997586461	1
0	2130	124.45408349309	1
0	2139	124.794825985178	1
0	2147	124.966438568683	1
0	2162	125.81305321426	1
0	2173	126.328088994957	1
0	2182	126.63069527891	1
0	2195	127.168649801382	1
0	2206	128.526889946899	1
0	2217	129.036422433838	1
0	2228	129.647617671849	1
0	2234	129.799069667584	1
0	2249	131.131973806668	1
0	2260	132.963342800799	1
0	2271	133.647107578919	1
0	2280	134.00268199539	1
0	2291	134.360509631988	1
0	2304	135.484585559902	1
0	2315	137.790389509848	1
0	2326	138.511732650196	1
0	2329	138.585848638613	1
0	2339	138.797660718577	1
0	2355	139.671751853716	1
0	2366	140.680305176444	1
0	2375	140.998738674414	1
0	2386	141.301749923067	1
0	2399	141.976919133173	1
0	2410	143.254618770814	1
0	2416	143.427065056456	1
0	2431	143.949386552252	1
0	2440	144.174829857696	1
0	2453	145.455728127686	1
0	2464	147.474350399517	1
0	2475	148.181980159704	1
0	2486	148.714697005966	1
0	2497	149.489842567246	1
0	2508	150.136543497728	1
0	2519	150.554023174268	1
0	2530	151.011143837046	1
0	2541	152.886424851641	1
0	2547	153.043659196646	1
0	2562	153.663337403033	1
0	2571	153.96472388199	1
0	2582	154.295561476071	1
0	2595	154.874233615367	1
0	2606	155.433675343611	1
0	2615	155.820138168605	1
0	2618	155.831766037414	1
0	2632	156.212842666792	1
0	2644	156.428198996314	1
0	2657	157.183625106672	1
0	2668	157.831217225865	1
0	2677	158.035016065414	1
0	2688	158.240575840233	1
0	2699	158.530757252187	1
0	2712	159.10818228565	1
0	2723	159.937969809572	1
0	2732	160.273946451616	1
0	2745	161.538415014586	1
0	2748	161.625759401655	1
0	2753	161.690887660752	1
0	2764	161.903422140099	1
0	2771	161.961575792845	1
0	2786	162.4679088764	1
0	2796	162.730125684664	1
0	2810	163.266363131647	1
0	2821	163.747894323102	1
0	2832	164.260342164488	1
0	2835	164.280864215503	1
0	2851	164.916269846732	1
0	2862	166.999791134301	1
0	2873	167.633300899497	1
0	2882	167.865578954786	1
0	2893	168.204345255458	1
0	2901	168.354394152445	1
0	2916	169.71557454806	1
0	2919	169.806950723213	1
0	2931	170.081854453588	1
0	2936	170.1432468225	1
0	2949	170.486723753357	1
0	2963	172.969409609663	1
0	2974	174.304358403998	1
0	2980	174.485297951932	1
0	2995	175.469836498688	1
0	3006	175.931882614416	1
0	3017	176.662094311618	1
0	3026	177.018538410612	1
0	3031	177.081905996789	1
0	3036	177.144835098149	1
0	3055	178.656404376199	1
0	3064	178.917011769765	1
0	3077	179.668576284712	1
0	3086	180.048653855346	1
0	3099	184.107888167308	1
0	3110	185.211727838354	1
0	3113	185.308849890381	1
0	3129	186.718956264231	1
0	3140	187.934501554493	1
0	3143	187.957471302224	1
0	3148	188.063866647311	1
0	3163	188.489817403645	1
0	3177	189.063397257998	1
0	3183	189.172920419128	1
0	3186	189.252230644897	1
0	3206	190.158124718263	1
0	3217	191.288482050215	1
0	3228	192.489673947531	1
0	3239	193.477705408327	1
0	3248	193.795707135209	1
0	3261	194.300835712248	1
0	3264	194.391310318364	1
0	3278	194.705032336417	1
0	3281	194.725304407748	1
0	3283	194.768309638336	1
0	3307	197.198217741619	1
0	3318	197.915480881388	1
0	3327	198.195844421234	1
0	3338	198.558423864343	1
0	3349	198.88533814123	1
0	3362	199.653538663517	1
0	3365	199.684686194827	1
1	2	0.477524702739	1
1	13	1.016660935829	1
1	24	1.770219390657	1
1	35	2.885981917902	1
1	46	3.439915796784	1
1	57	4.610842998315	1
1	68	5.083163682304	1
1	79	6.210542114826	1
1	88	6.541171206828	1
1	101	7.127375062664	1
1	112	7.750270643062	1
1	121	8.041347541295	1
1	132	8.386659059425	1
1	143	8.598554542908	1
1	156	9.93266919613	1
1	159	9.967699997586	1
1	175	11.956647365543	1
1	181	12.147661050048	1
1	194	12.437822313017	1
1	205	12.827490121968	1
1	218	13.768827792542	1
1	229	14.772154512737	1
1	240	15.223758980725	1
1	249	15.616088521058	1
1	262	16.119748232798	1
1	271	16.419071438208	1
1	284	17.978023889717	1
1	295	19.063045448282	1
1	298	19.107256661561	1
1	308	19.354203459307	1
1	313	19.408900074982	1
1	330	20.035667579967	1
1	333	20.047922933006	1
1	345	20.323471815359	1
1	361	21.395964413422	1
1	372	23.286066370628	1
1	383	24.18953692581	1
1	386	24.280275438009	1
1	402	25.504463992774	1
1	413	26.728999322321	1
1	424	29.036132443806	1
1	433	29.421157947413	1
1	446	30.38430168165	1
1	457	31.352702926586	1
1	466	31.724060602362	1
1	479	32.165039255076	1
1	490	33.07496083947	1
1	501	33.756524204496	1
1	504	33.832048850159	1
1	520	34.597185471493	1
1	531	35.210044596103	1
1	542	35.733437313128	1
1	545	35.826275121428	1
1	559	36.288775916508	1
1	572	38.0254282033	1
1	583	38.878247011356	1
1	594	39.32094338641	1
1	597	39.38811108279	1
1	609	39.709450514927	1
1	621	40.094467336146	1
1	629	40.278835547438	1
1	638	40.402557516656	1
1	654	41.295510412107	1
1	665	42.096684522881	1
1	674	42.462133976791	1
1	682	42.608563071233	1
1	697	43.1127638946	1
1	700	43.199930710975	1
1	702	43.211311852496	2
1	716	43.446374338902	1
1	732	44.023202902341	1
1	737	44.120484796009	1
1	753	44.688682802314	1
1	759	44.839547961559	1
1	774	45.41527674798	1
1	783	45.708410977565	1
1	796	47.435159990332	1
1	807	48.832508014861	1
1	818	49.519591387681	1
1	827	49.878239033772	1
1	838	50.145550130803	1
1	851	50.715246880901	1
1	860	51.059966324946	1
1	873	52.455776961963	1
1	884	53.173441641637	1
1	887	53.236178377102	1
1	890	53.273447551382	1
1	911	55.373575762055	1
1	922	56.032923242586	1
1	933	56.668223721479	1
1	944	57.334582188891	1
1	950	57.447037828502	1
1	959	57.588761852152	1
1	971	57.854804269324	1
1	976	57.937621482381	1
1	993	58.771047096256	1
1	1002	58.998424274826	1
1	1015	59.560061210689	1
1	1024	59.831322446824	1
1	1035	60.067189981206	1
1	1048	60.573846657323	1
1	1051	60.597356551171	1
1	1063	60.943751137655	1
1	1077	61.547273740755	1
1	1088	64.219971848461	1
1	1099	66.135739833693	1
1	1102	66.200320898587	1
1	1118	66.835016746598	1
1	1124	66.975597657863	1
1	1139	67.580409205115	1
1	1145	67.68595733237	1
1	1160	70.902017542516	1
1	1171	71.537263171572	1
1	1182	72.060412683747	1
1	1188	72.235661003707	1
1	1201	72.556699809957	1
1	1212	72.933464758552	1
1	1223	73.319733359514	1
1	1231	73.487899564601	1
1	1246	74.074018009043	1
1	1252	74.177894482731	1
1	1263	74.425395220684	1
1	1268	74.495568466559	1
1	1285	75.169469447479	1
1	1296	75.810312765769	1
1	1305	76.039246271794	1
1	1308	76.128473633345	1
1	1326	77.032454833309	1
1	1332	77.163783191213	1
1	1347	78.956097126324	1
1	1356	79.232105500968	1
1	1369	79.883867129495	1
1	1380	80.916066124125	1
1	1383	80.924264871184	1
1	1385	80.985551800099	2
1	1405	81.570612960593	1
1	1418	82.662504312164	1
1	1429	83.334392931616	1
1	1432	83.395013796801	1
1	1448	85.539166820208	1
1	1459	87.788585695959	1
1	1470	89.051778476434	1
1	1479	89.431180434271	1
1	1492	89.858730590271	1
1	1503	92.115886960973	1
1	1506	92.150283116827	1
1	1520	92.707370214968	1
1	1531	93.067338346953	1
1	1544	93.873885510244	1
1	1547	93.885999587132	1
1	1549	93.909985366567	2
1	1563	94.259712399887	1
1	1573	94.459158544465	1
1	1591	96.794100618172	1
1	1594	96.870934677359	1
1	1606	97.138186354511	1
1	1616	97.34889200814	1
1	1628	97.742279778758	1
1	1633	97.818112960613	1
1	1649	98.518237076542	1
1	1658	98.747857645859	1
1	1671	100.02239996406	1
1	1680	100.343330589514	1
1	1693	101.845677659365	1
1	1696	101.885456100254	1
1	1701	102.032093369103	1
1	1720	102.739607085342	1
1	1731	103.239313194982	1
1	1742	103.740971714164	1
1	1753	104.942916027668	1
1	1759	105.127964931727	1
1	1774	105.554713694057	1
1	1785	105.999169064325	1
1	1796	107.490518478511	1
1	1799	107.549708663562	1
1	1815	109.073891368337	1
1	1826	109.588628752982	1
1	1829	109.640691042386	1
1	1845	111.230244599592	1
1	1851	111.425448848909	1
1	1864	111.655584977368	1
1	1867	111.661225427766	1
1	1885	112.321732973821	1
1	1896	113.430129564422	1
1	1899	113.514927992558	1
1	1915	114.139996385066	1
1	1926	114.895956671131	1
1	1937	116.000726154023	1
1	1946	116.205718654239	1
1	1952	116.390229288496	1
1	1963	116.511639551636	1
1	1977	116.81595962559	1
1	1990	117.345837050766	1
1	2001	117.828715490647	1
1	2004	117.840902965924	1
1	2009	117.949054317115	1
1	2028	119.008498960563	1
1	2037	119.28553749819	1
1	2040	119.288361422485	1
1	2042	119.383366326223	2
1	2064	120.062946811406	1
1	2077	120.568796630695	1
1	2083	120.757629627208	1
1	2098	121.48753481927	1
1	2109	122.28478954352	1
1	2118	122.488997586461	1
1	2131	124.45408349309	1
1	2140	124.794825985178	1
1	2148	124.966438568683	1
1	2163	125.81305321426	1
1	2174	126.328088994957	1
1	2183	126.63069527891	1
1	2196	127.168649801382	1
1	2207	128.526889946899	1
1	2218	129.036422433838	1
1	2229	129.647617671849	1
1	2235	129.799069667584	1
1	2250	131.131973806668	1
1	2261	132.963342800799	1
1	2272	133.647107578919	1
1	2281	134.00268199539	1
1	2292	134.360509631988	1
1	2305	135.484585559902	1
1	2316	137.790389509848	1
1	2327	138.511732650196	1
1	2330	138.585848638613	1
1	2340	138.797660718577	1
1	2356	139.671751853716	1
1	2367	140.680305176444	1
1	2376	140.998738674414	1
1	2387	141.301749923067	1
1	2400	141.976919133173	1
1	2411	143.254618770814	1
1	2417	143.427065056456	1
1	2432	143.949386552252	1
1	2441	144.174829857696	1
1	2454	145.455728127686	1
1	2465	147.474350399517	1
1	2476	148.181980159704	1
1	2487	148.714697005966	1
1	2498	149.489842567246	1
1	2509	150.136543497728	1
1	2520	150.554023174268	1
1	2531	151.011143837046	1
1	2542	152.886424851641	1
1	2548	153.043659196646	1
1	2563	153.663337403033	1
1	2572	153.96472388199	1
1	2583	154.295561476071	1
1	2596	154.874233615367	1
1	2607	155.433675343611	1
1	2616	155.820138168605	1
1	2619	155.831766037414	1
1	2633	156.212842666792	1
1	2645	156.428198996314	1
1	2658	157.183625106672	1
1	2669	157.831217225865	1
1	2678	158.035016065414	1
1	2689	158.240575840233	1
1	2700	158.530757252187	1
1	2713	159.10818228565	1
1	2724	159.937969809572	1
1	2733	160.273946451616	1
1	2746	161.538415014586	1
1	2749	161.625759401655	1
1	2754	161.690887660752	1
1	2765	161.903422140099	1
1	2772	161.961575792845	1
1	2787	162.4679088764	1
1	2797	162.730125684664	1
1	2811	163.266363131647	1
1	2822	163.747894323102	1
1	2833	164.260342164488	1
1	2836	164.280864215503	1
1	2852	164.916269846732	1
1	2863	166.999791134301	1
1	2874	167.633300899497	1
1	2883	167.865578954786	1
1	2894	168.204345255458	1
1	2902	168.354394152445	1
1	2917	169.71557454806	1
1	2920	169.806950723213	1
1	2932	170.081854453588	1
1	2937	170.1432468225	1
1	2950	170.486723753357	1
1	2964	172.969409609663	1
1	2975	174.304358403998	1
1	2981	174.485297951932	1
1	2996	175.469836498688	1
1	3007	175.931882614416	1
1	3018	176.662094311618	1
1	3027	177.018538410612	1
1	3032	177.081905996789	1
1	3037	177.144835098149	1
1	3056	178.656404376199	1
1	3065	178.917011769765	1
1	3078	179.668576284712	1
1	3087	180.048653855346	1
1	3100	184.107888167308	1
1	3111	185.211727838354	1
1	3114	185.308849890381	1
1	3130	186.718956264231	1
1	3141	187.934501554493	1
1	3144	187.957471302224	1
1	3149	188.063866647311	1
1	3164	188.489817403645	1
1	3178	189.063397257998	1
1	3184	189.172920419128	1
1	3187	189.252230644897	1
1	3207	190.158124718263	1
1	3218	191.288482050215	1
1	3229	192.489673947531	1
1	3240	193.477705408327	1
1	3249	193.795707135209	1
1	3262	194.300835712248	1
1	3265	194.391310318364	1
1	3279	194.705032336417	1
1	3282	194.725304407748	1
1	3284	194.768309638336	2
1	3308	197.198217741619	1
1	3319	197.915480881388	1
1	3328	198.195844421234	1
1	3339	198.558423864343	1
1	3350	198.88533814123	1
1	3363	199.653538663517	1
1	3366	199.684686194827	1
2	5	0.577624702739	1
2	16	1.116760935829	1
2	27	1.870319390657	1
2	38	2.986081917902	1
2	49	3.540015796784	1
2	60	4.710942998315	1
2	71	5.183263682304	1
2	82	6.310642114826	1
2	93	6.641271206828	1
2	104	7.227475062664	1
2	115	7.850370643062	1
2	124	8.141447541295	1
2	137	8.486759059425	1
2	146	8.698654542908	1
2	161	10.03276919613	1
2	164	10.13276919613	1
2	178	12.056747365543	1
2	187	12.247761050048	1
2	197	12.537922313017	1
2	210	12.927590121968	1
2	221	13.868927792542	1
2	232	14.872254512737	1
2	243	15.323858980725	1
2	254	15.716188521058	1
2	265	16.219848232798	1
2	274	16.519171438208	1
2	287	18.078123889717	1
2	300	19.163145448282	1
2	303	19.263145448282	1
2	315	19.454303459307	1
2	320	19.554303459307	1
2	337	20.135767579967	1
2	340	20.235767579967	1
2	350	20.423571815359	1
2	364	21.496064413422	1
2	375	23.386166370628	1
2	388	24.28963692581	1
2	391	24.38963692581	1
2	405	25.604563992774	1
2	416	26.829099322321	1
2	427	29.136232443806	1
2	438	29.521257947413	1
2	449	30.48440168165	1
2	460	31.452802926586	1
2	471	31.824160602362	1
2	482	32.265139255076	1
2	493	33.17506083947	1
2	506	33.856624204496	1
2	509	33.956624204496	1
2	523	34.697285471493	1
2	534	35.310144596103	1
2	547	35.833537313128	1
2	550	35.933537313128	1
2	564	36.388875916508	1
2	575	38.1255282033	1
2	586	38.978347011356	1
2	599	39.42104338641	1
2	602	39.52104338641	1
2	614	39.809550514927	1
2	626	40.194567336146	1
2	635	40.378935547438	1
2	645	40.502657516656	1
2	657	41.395610412107	1
2	668	42.196784522881	1
2	679	42.562233976791	1
2	688	42.708663071233	1
2	704	43.2128638946	1
2	707	43.3128638946	1
2	712	43.4128638946	1
2	723	43.546474338902	1
2	739	44.123302902341	1
2	742	44.223302902341	1
2	756	44.788782802314	1
2	765	44.939647961559	1
2	777	45.51537674798	1
2	786	45.808510977565	1
2	799	47.535259990332	1
2	810	48.932608014861	1
2	821	49.619691387681	1
2	832	49.978339033772	1
2	841	50.245650130803	1
2	854	50.815346880901	1
2	865	51.160066324946	1
2	876	52.555876961963	1
2	891	53.273541641637	1
2	894	53.373541641637	1
2	899	53.473541641637	1
2	914	55.473675762055	1
2	925	56.133023242586	1
2	936	56.768323721479	1
2	947	57.434682188891	1
2	956	57.547137828502	1
2	964	57.688861852152	1
2	978	57.954904269324	1
2	981	58.054904269324	1
2	996	58.871147096256	1
2	1005	59.098524274826	1
2	1018	59.660161210689	1
2	1027	59.931422446824	1
2	1038	60.167289981206	1
2	1053	60.673946657323	1
2	1056	60.773946657323	1
2	1068	61.043851137655	1
2	1080	61.647373740755	1
2	1091	64.320071848461	1
2	1104	66.235839833693	1
2	1107	66.335839833693	1
2	1121	66.935116746598	1
2	1130	67.075697657863	1
2	1142	67.680509205115	1
2	1151	67.78605733237	1
2	1163	71.002117542516	1
2	1174	71.637363171572	1
2	1185	72.160512683747	1
2	1194	72.335761003707	1
2	1204	72.656799809957	1
2	1217	73.033564758552	1
2	1228	73.419833359514	1
2	1237	73.587999564601	1
2	1249	74.174118009043	1
2	1258	74.277994482731	1
2	1270	74.525495220684	1
2	1273	74.625495220684	1
2	1288	75.269569447479	1
2	1299	75.910412765769	1
2	1310	76.139346271794	1
2	1315	76.239346271794	1
2	1329	77.132554833309	1
2	1338	77.263883191213	1
2	1350	79.056197126324	1
2	1359	79.332205500968	1
2	1372	79.983967129495	1
2	1387	81.016166124125	1
2	1390	81.116166124125	1
2	1395	81.216166124125	1
2	1408	81.670712960593	1
2	1421	82.762604312164	1
2	1434	83.434492931616	1
2	1437	83.534492931616	1
2	1451	85.639266820208	1
2	1462	87.888685695959	1
2	1473	89.151878476434	1
2	1484	89.531280434271	1
2	1495	89.958830590271	1
2	1508	92.215986960973	1
2	1511	92.315986960973	1
2	1525	92.807470214968	1
2	1536	93.167438346953	1
2	1551	93.973985510244	1
2	1554	94.073985510244	1
2	1559	94.173985510244	1
2	1570	94.359812399887	1
2	1580	94.559258544465	1
2	1596	96.894200618172	1
2	1599	96.994200618172	1
2	1611	97.238286354511	1
2	1621	97.44899200814	1
2	1635	97.842379778758	1
2	1638	97.942379778758	1
2	1652	98.618337076542	1
2	1661	98.847957645859	1
2	1674	100.12249996406	1
2	1685	100.443430589514	1
2	1698	101.945777659365	1
2	1703	102.045777659365	1
2	1708	102.145777659365	1
2	1723	102.839707085342	1
2	1734	103.339413194982	1
2	1745	103.841071714164	1
2	1756	105.043016027668	1
2	1765	105.228064931727	1
2	1777	105.654813694057	1
2	1788	106.099269064325	1
2	1801	107.590618478511	1
2	1804	107.690618478511	1
2	1818	109.173991368337	1
2	1831	109.688728752982	1
2	1834	109.788728752982	1
2	1848	111.330344599592	1
2	1857	111.525548848909	1
2	1869	111.755684977368	1
2	1874	111.855684977368	1
2	1888	112.421832973821	1
2	1901	113.530229564422	1
2	1904	113.630229564422	1
2	1918	114.240096385066	1
2	1929	114.996056671131	1
2	1940	116.100826154023	1
2	1949	116.305818654239	1
2	1960	116.490329288496	1
2	1970	116.611739551636	1
2	1980	116.91605962559	1
2	1993	117.445937050766	1
2	2006	117.928815490647	1
2	2011	118.028815490647	1
2	2016	118.128815490647	1
2	2031	119.108598960563	1
2	2044	119.38563749819	1
2	2049	119.48563749819	1
2	2054	119.58563749819	1
2	2069	120.163046811406	1
2	2080	120.668896630695	1
2	2089	120.857729627208	1
2	2101	121.58763481927	1
2	2112	122.38488954352	1
2	2121	122.589097586461	1
2	2134	124.55418349309	1
2	2145	124.894925985178	1
2	2154	125.066538568683	1
2	2166	125.91315321426	1
2	2177	126.428188994957	1
2	2188	126.73079527891	1
2	2199	127.268749801382	1
2	2210	128.626989946899	1
2	2221	129.136522433838	1
2	2232	129.747717671849	1
2	2241	129.899169667584	1
2	2253	131.232073806668	1
2	2264	133.063442800799	1
2	2275	133.747207578919	1
2	2286	134.10278199539	1
2	2297	134.460609631988	1
2	2308	135.584685559902	1
2	2319	137.890489509848	1
2	2332	138.611832650196	1
2	2335	138.711832650196	1
2	2345	138.897760718577	1
2	2359	139.771851853716	1
2	2370	140.780405176444	1
2	2381	141.098838674414	1
2	2392	141.401849923067	1
2	2403	142.077019133173	1
2	2414	143.354718770814	1
2	2423	143.527165056456	1
2	2435	144.049486552252	1
2	2444	144.274929857696	1
2	2457	145.555828127686	1
2	2468	147.574450399517	1
2	2479	148.282080159704	1
2	2490	148.814797005966	1
2	2501	149.589942567246	1
2	2512	150.236643497728	1
2	2523	150.654123174268	1
2	2534	151.111243837046	1
2	2545	152.986524851641	1
2	2554	153.143759196646	1
2	2566	153.763437403033	1
2	2577	154.06482388199	1
2	2588	154.395661476071	1
2	2599	154.974333615367	1
2	2610	155.533775343611	1
2	2623	155.920238168605	1
2	2626	156.020238168605	1
2	2638	156.312942666792	1
2	2648	156.528298996314	1
2	2661	157.283725106672	1
2	2672	157.931317225865	1
2	2681	158.135116065414	1
2	2692	158.340675840233	1
2	2703	158.630857252187	1
2	2716	159.20828228565	1
2	2727	160.038069809572	1
2	2738	160.374046451616	1
2	2751	161.638515014586	1
2	2756	161.738515014586	1
2	2761	161.838515014586	1
2	2774	162.003522140099	1
2	2777	162.103522140099	1
2	2792	162.5680088764	1
2	2802	162.830225684664	1
2	2814	163.366463131647	1
2	2825	163.847994323102	1
2	2838	164.360442164488	1
2	2841	164.460442164488	1
2	2855	165.016369846732	1
2	2866	167.099891134301	1
2	2877	167.733400899497	1
2	2886	167.965678954786	1
2	2899	168.304445255458	1
2	2908	168.454494152445	1
2	2922	169.81567454806	1
2	2925	169.91567454806	1
2	2939	170.181954453588	1
2	2942	170.281954453588	1
2	2955	170.586823753357	1
2	2967	173.069509609663	1
2	2978	174.404458403998	1
2	2987	174.585397951932	1
2	2999	175.569936498688	1
2	3010	176.031982614416	1
2	3021	176.762194311618	1
2	3034	177.118638410612	1
2	3039	177.218638410612	1
2	3044	177.318638410612	1
2	3059	178.756504376199	1
2	3068	179.017111769765	1
2	3081	179.768676284712	1
2	3092	180.148753855346	1
2	3103	184.207988167308	1
2	3116	185.311827838354	1
2	3119	185.411827838354	1
2	3133	186.819056264231	1
2	3146	188.034601554493	1
2	3151	188.134601554493	1
2	3156	188.234601554493	1
2	3169	188.589917403645	1
2	3181	189.163497257998	1
2	3192	189.273020419128	1
2	3195	189.373020419128	1
2	3210	190.258224718263	1
2	3221	191.388582050215	1
2	3232	192.589773947531	1
2	3243	193.577805408327	1
2	3254	193.895807135209	1
2	3267	194.400935712248	1
2	3270	194.500935712248	1
2	3286	194.805132336417	1
2	3291	194.905132336417	1
2	3296	195.005132336417	1
2	3311	197.298317741619	1
2	3322	198.015580881388	1
2	3331	198.295944421234	1
2	3344	198.658523864343	1
2	3355	198.98543814123	1
2	3368	199.753638663517	1
2	3371	199.853638663517	1
3	8	0.677724702739	1
3	19	1.216860935829	1
3	30	1.970419390657	1
3	41	3.086181917902	1
3	52	3.640115796784	1
3	63	4.811042998315	1
3	74	5.283363682304	1
3	85	6.410742114826	1
3	96	6.741371206828	1
3	107	7.327575062664	1
3	118	7.950470643062	1
3	129	8.241547541295	1
3	140	8.586859059425	1
3	151	8.798754542908	1
3	166	10.13286919613	1
3	169	10.23286919613	1
3	184	12.156847365543	1
3	190	12.347861050048	1
3	202	12.638022313017	1
3	213	13.027690121968	1
3	224	13.969027792542	1
3	235	14.972354512737	1
3	246	15.423958980725	1
3	257	15.816288521058	1
3	268	16.319948232798	1
3	279	16.619271438208	1
3	290	18.178223889717	1
3	305	19.263245448282	1
3	311	19.363245448282	1
3	322	19.554403459307	1
3	324	19.654403459307	2
3	342	20.235867579967	1
3	348	20.335867579967	1
3	355	20.523671815359	1
3	367	21.596164413422	1
3	378	23.486266370628	1
3	393	24.38973692581	1
3	396	24.48973692581	1
3	408	25.704663992774	1
3	419	26.929199322321	1
3	430	29.236332443806	1
3	441	29.621357947413	1
3	452	30.58450168165	1
3	463	31.552902926586	1
3	474	31.924260602362	1
3	485	32.365239255076	1
3	496	33.27516083947	1
3	511	33.956724204496	1
3	514	34.056724204496	1
3	526	34.797385471493	1
3	537	35.410244596103	1
3	552	35.933637313128	1
3	555	36.033637313128	1
3	567	36.488975916508	1
3	578	38.2256282033	1
3	589	39.078447011356	1
3	604	39.52114338641	1
3	607	39.62114338641	1
3	617	39.909650514927	1
3	632	40.294667336146	1
3	641	40.479035547438	1
3	648	40.602757516656	1
3	660	41.495710412107	1
3	671	42.296884522881	1
3	685	42.662333976791	1
3	691	42.808763071233	1
3	709	43.3129638946	1
3	714	43.4129638946	1
3	721	43.5129638946	1
3	726	43.646574338902	2
3	744	44.223402902341	1
3	747	44.323402902341	1
3	762	44.888882802314	1
3	768	45.039747961559	1
3	780	45.61547674798	1
3	791	45.908610977565	1
3	802	47.635359990332	1
3	813	49.032708014861	1
3	824	49.719791387681	1
3	835	50.078439033772	1
3	846	50.345750130803	1
3	857	50.915446880901	1
3	868	51.260166324946	1
3	879	52.655976961963	1
3	896	53.373641641637	1
3	901	53.473641641637	1
3	905	53.573641641637	1
3	917	55.573775762055	1
3	928	56.233123242586	1
3	939	56.868423721479	1
3	953	57.534782188891	1
3	962	57.647237828502	1
3	969	57.788961852152	1
3	983	58.055004269324	1
3	987	58.155004269324	1
3	999	58.971247096256	1
3	1010	59.198624274826	1
3	1021	59.760261210689	1
3	1032	60.031522446824	1
3	1043	60.267389981206	1
3	1058	60.774046657323	1
3	1061	60.874046657323	1
3	1071	61.143951137655	1
3	1083	61.747473740755	1
3	1094	64.420171848461	1
3	1109	66.335939833693	1
3	1112	66.435939833693	1
3	1127	67.035216746598	1
3	1133	67.175797657863	1
3	1148	67.780609205115	1
3	1154	67.88615733237	1
3	1166	71.102217542516	1
3	1177	71.737463171572	1
3	1191	72.260612683747	1
3	1197	72.435861003707	1
3	1209	72.756899809957	1
3	1220	73.133664758552	1
3	1234	73.519933359514	1
3	1240	73.688099564601	1
3	1255	74.274218009043	1
3	1261	74.378094482731	1
3	1275	74.625595220684	1
3	1279	74.725595220684	1
3	1291	75.369669447479	1
3	1302	76.010512765769	1
3	1317	76.239446271794	1
3	1320	76.339446271794	1
3	1335	77.232654833309	1
3	1341	77.363983191213	1
3	1353	79.156297126324	1
3	1364	79.432305500968	1
3	1375	80.084067129495	1
3	1392	81.116266124125	1
3	1397	81.216266124125	1
3	1401	81.316266124125	1
3	1413	81.770812960593	1
3	1424	82.862704312164	1
3	1439	83.534592931616	1
3	1442	83.634592931616	1
3	1454	85.739366820208	1
3	1465	87.988785695959	1
3	1476	89.251978476434	1
3	1487	89.631380434271	1
3	1498	90.058930590271	1
3	1513	92.316086960973	1
3	1516	92.416086960973	1
3	1528	92.907570214968	1
3	1539	93.267538346953	1
3	1556	94.074085510244	1
3	1561	94.174085510244	1
3	1568	94.274085510244	1
3	1576	94.459912399887	2
3	1583	94.659358544465	2
3	1601	96.994300618172	1
3	1604	97.094300618172	1
3	1614	97.338386354511	1
3	1624	97.54909200814	1
3	1640	97.942479778758	1
3	1643	98.042479778758	1
3	1655	98.718437076542	1
3	1666	98.948057645859	1
3	1677	100.22259996406	1
3	1688	100.543530589514	1
3	1705	102.045877659365	1
3	1710	102.145877659365	1
3	1714	102.245877659365	1
3	1726	102.939807085342	1
3	1737	103.439513194982	1
3	1748	103.941171714164	1
3	1762	105.143116027668	1
3	1768	105.328164931727	1
3	1780	105.754913694057	1
3	1791	106.199369064325	1
3	1806	107.690718478511	1
3	1809	107.790718478511	1
3	1821	109.274091368337	1
3	1836	109.788828752982	1
3	1839	109.888828752982	1
3	1854	111.430444599592	1
3	1860	111.625648848909	1
3	1876	111.855784977368	1
3	1879	111.955784977368	1
3	1891	112.521932973821	1
3	1906	113.630329564422	1
3	1909	113.730329564422	1
3	1921	114.340196385066	1
3	1932	115.096156671131	1
3	1943	116.200926154023	1
3	1957	116.405918654239	1
3	1966	116.590429288496	1
3	1973	116.711839551636	1
3	1985	117.01615962559	1
3	1996	117.546037050766	1
3	2013	118.028915490647	1
3	2018	118.128915490647	1
3	2022	118.228915490647	1
3	2034	119.208698960563	1
3	2051	119.48573749819	1
3	2056	119.58573749819	1
3	2060	119.68573749819	1
3	2072	120.263146811406	1
3	2086	120.768996630695	1
3	2092	120.957829627208	1
3	2104	121.68773481927	1
3	2115	122.48498954352	1
3	2126	122.689197586461	1
3	2137	124.65428349309	1
3	2151	124.995025985178	1
3	2157	125.166638568683	1
3	2169	126.01325321426	1
3	2180	126.528288994957	1
3	2191	126.83089527891	1
3	2202	127.368849801382	1
3	2213	128.727089946899	1
3	2224	129.236622433838	1
3	2238	129.847817671849	1
3	2244	129.999269667584	1
3	2256	131.332173806668	1
3	2267	133.163542800799	1
3	2278	133.847307578919	1
3	2289	134.20288199539	1
3	2300	134.560709631988	1
3	2311	135.684785559902	1
3	2322	137.990589509848	1
3	2337	138.711932650196	1
3	2343	138.811932650196	1
3	2350	138.997860718577	1
3	2362	139.871951853716	1
3	2373	140.880505176444	1
3	2384	141.198938674414	1
3	2395	141.501949923067	1
3	2406	142.177119133173	1
3	2420	143.454818770814	1
3	2426	143.627265056456	1
3	2438	144.149586552252	1
3	2449	144.375029857696	1
3	2460	145.655928127686	1
3	2471	147.674550399517	1
3	2482	148.382180159704	1
3	2493	148.914897005966	1
3	2504	149.690042567246	1
3	2515	150.336743497728	1
3	2526	150.754223174268	1
3	2537	151.211343837046	1
3	2551	153.086624851641	1
3	2557	153.243859196646	1
3	2569	153.863537403033	1
3	2580	154.16492388199	1
3	2591	154.495761476071	1
3	2602	155.074433615367	1
3	2613	155.633875343611	1
3	2628	156.020338168605	1
3	2631	156.120338168605	1
3	2641	156.413042666792	1
3	2653	156.628398996314	1
3	2664	157.383825106672	1
3	2675	158.031417225865	1
3	2686	158.235216065414	1
3	2697	158.440775840233	1
3	2708	158.730957252187	1
3	2719	159.30838228565	1
3	2730	160.138169809572	1
3	2741	160.474146451616	1
3	2758	161.738615014586	1
3	2763	161.838615014586	1
3	2770	161.938615014586	1
3	2779	162.103622140099	2
3	2783	162.203622140099	2
3	2795	162.6681088764	1
3	2805	162.930325684664	1
3	2817	163.466563131647	1
3	2828	163.948094323102	1
3	2843	164.460542164488	1
3	2846	164.560542164488	1
3	2858	165.116469846732	1
3	2869	167.199991134301	1
3	2880	167.833500899497	1
3	2891	168.065778954786	1
3	2905	168.404545255458	1
3	2911	168.554594152445	1
3	2927	169.91577454806	1
3	2930	170.01577454806	1
3	2944	170.282054453588	1
3	2948	170.382054453588	1
3	2958	170.686923753357	1
3	2970	173.169609609663	1
3	2984	174.504558403998	1
3	2990	174.685497951932	1
3	3002	175.670036498688	1
3	3013	176.132082614416	1
3	3024	176.862294311618	1
3	3041	177.218738410612	1
3	3046	177.318738410612	1
3	3050	177.418738410612	1
3	3062	178.856604376199	1
3	3073	179.117211769765	1
3	3084	179.868776284712	1
3	3095	180.248853855346	1
3	3106	184.308088167308	1
3	3121	185.411927838354	1
3	3124	185.511927838354	1
3	3136	186.919156264231	1
3	3153	188.134701554493	1
3	3158	188.234701554493	1
3	3162	188.334701554493	1
3	3172	188.690017403645	1
3	3189	189.263597257998	1
3	3197	189.373120419128	1
3	3201	189.473120419128	1
3	3213	190.358324718263	1
3	3224	191.488682050215	1
3	3235	192.689873947531	1
3	3246	193.677905408327	1
3	3257	193.995907135209	1
3	3272	194.501035712248	1
3	3275	194.601035712248	1
3	3293	194.905232336417	1
3	3298	195.005232336417	1
3	3302	195.105232336417	1
3	3314	197.398417741619	1
3	3325	198.115680881388	1
3	3336	198.396044421234	1
3	3347	198.758623864343	1
3	3358	199.08553814123	1
3	3373	199.853738663517	1
3	3376	199.953738663517	1
4	10	0.877724702739	0.4002
4	21	1.416860935829	0.4002
4	32	2.170419390657	0.4002
4	43	3.286181917902	0.4002
4	54	3.840115796784	0.4002
4	65	5.011042998315	0.4002
4	76	5.483363682304	0.4002
4	90	6.610742114826	0.4002
4	98	6.941371206828	0.4002
4	109	7.527575062664	0.4002
4	126	8.150470643062	0.4002
4	134	8.441547541295	0.4002
4	148	8.786859059425	0.4002
4	153	8.998754542908	0.4002
4	170	10.33286919613	0.4002
4	172	10.53286919613	0.565169198544
4	191	12.356847365543	0.4002
4	199	12.556847365543	0.409186315495
4	207	12.838022313017	0.4002
4	215	13.227690121968	0.4002
4	226	14.169027792542	0.4002
4	237	15.172354512737	0.4002
4	251	15.623958980725	0.4002
4	259	16.016288521058	0.4002
4	276	16.519948232798	0.4002
4	281	16.819271438208	0.4002
4	292	18.378223889717	0.4002
4	317	19.463245448282	0.4002
4	325	19.663245448282	0.555988786721
4	327	19.863245448282	0.509041988975
4	334	20.063245448282	0.6543453733
4	352	20.435867579967	0.4002
4	356	20.635867579967	0.587944646961
4	358	20.835867579967	0.512395764608
4	369	21.796164413422	0.4002
4	380	23.686266370628	0.4002
4	397	24.58973692581	0.4002
4	399	24.78973692581	0.509461487801
4	410	25.904663992774	0.4002
4	421	27.129199322321	0.4002
4	435	29.436332443806	0.4002
4	443	29.821357947413	0.4002
4	454	30.78450168165	0.4002
4	468	31.752902926586	0.4002
4	476	32.124260602362	0.4002
4	487	32.565239255076	0.4002
4	498	33.47516083947	0.4002
4	515	34.156724204496	0.4002
4	517	34.356724204496	0.524675354337
4	528	34.997385471493	0.4002
4	539	35.610244596103	0.4002
4	556	36.133637313128	0.4002
4	561	36.333637313128	0.5073621917
4	569	36.688975916508	0.4002
4	580	38.4256282033	0.4002
4	591	39.278447011356	0.4002
4	611	39.72114338641	0.4002
4	618	39.92114338641	0.53303230362
4	623	40.12114338641	0.411692871483
4	642	40.494667336146	0.4002
4	649	40.694667336146	0.415831788708
4	651	40.894667336146	0.49210981949
4	662	41.695710412107	0.4002
4	676	42.496884522881	0.4002
4	692	42.862333976791	0.4002
4	694	43.062333976791	0.453770905558
4	719	43.5129638946	0.4002
4	727	43.7129638946	0.513033183625
4	729	43.9129638946	0.701652042104
4	734	44.1129638946	0.666589555698
4	748	44.423402902341	0.4002
4	750	44.623402902341	0.502918106332
4	769	45.088882802314	0.4002
4	771	45.288882802314	0.449334840755
4	788	45.81547674798	0.4002
4	793	46.108610977565	0.4002
4	804	47.835359990332	0.4002
4	815	49.232708014861	0.4002
4	829	49.919791387681	0.4002
4	843	50.278439033772	0.4002
4	848	50.545750130803	0.4002
4	862	51.115446880901	0.4002
4	870	51.460166324946	0.4002
4	881	52.855976961963	0.4002
4	903	53.573641641637	0.4002
4	906	53.773641641637	0.537463264535
4	908	53.973641641637	0.700194090255
4	919	55.773775762055	0.4002
4	930	56.433123242586	0.4002
4	941	57.068423721479	0.4002
4	966	57.734782188891	0.4002
4	973	57.934782188891	0.487744360389
4	984	58.134782188891	0.546020336739
4	988	58.334782188891	0.479977919567
4	990	58.534782188891	0.59716070651
4	1007	59.171247096256	0.4002
4	1012	59.398624274826	0.4002
4	1029	59.960261210689	0.4002
4	1040	60.231522446824	0.4002
4	1045	60.467389981206	0.4002
4	1065	60.974046657323	0.4002
4	1072	61.174046657323	0.576690106152
4	1074	61.374046657323	0.430295519668
4	1085	61.947473740755	0.4002
4	1096	64.620171848461	0.4002
4	1113	66.535939833693	0.4002
4	1115	66.735939833693	0.535618935106
4	1134	67.235216746598	0.4002
4	1136	67.435216746598	0.459619088735
4	1155	67.980609205115	0.4002
4	1157	68.180609205115	0.494651872745
4	1168	71.302217542516	0.4002
4	1179	71.937463171572	0.4002
4	1198	72.460612683747	0.4002
4	1206	72.660612683747	0.42495168004
4	1214	72.956899809957	0.4002
4	1225	73.333664758552	0.4002
4	1241	73.719933359514	0.4002
4	1243	73.919933359514	0.432033794913
4	1265	74.474218009043	0.4002
4	1276	74.674218009043	0.496323526312
4	1280	74.874218009043	0.448822788359
4	1282	75.074218009043	0.578649542484
4	1293	75.569669447479	0.4002
4	1312	76.210512765769	0.4002
4	1321	76.439446271794	0.4002
4	1323	76.639446271794	0.510972638449
4	1342	77.432654833309	0.4002
4	1344	77.632654833309	0.468871642096
4	1361	79.356297126324	0.4002
4	1366	79.632305500968	0.4002
4	1377	80.284067129495	0.4002
4	1399	81.316266124125	0.4002
4	1402	81.516266124125	0.592001252941
4	1410	81.716266124125	0.730714324026
4	1415	81.970812960593	0.4002
4	1426	83.062704312164	0.4002
4	1443	83.734592931616	0.4002
4	1445	83.934592931616	0.539579134815
4	1456	85.939366820208	0.4002
4	1467	88.188785695959	0.4002
4	1481	89.451978476434	0.4002
4	1489	89.831380434271	0.4002
4	1500	90.258930590271	0.4002
4	1517	92.516086960973	0.4002
4	1522	92.716086960973	0.565803844146
4	1533	93.107570214968	0.4002
4	1541	93.467538346953	0.4002
4	1566	94.274085510244	0.4002
4	1577	94.474085510244	0.588085923112
4	1584	94.674085510244	0.764100143677
4	1586	94.874085510244	0.614373110357
4	1588	95.074085510244	0.614926965779
4	1608	97.194300618172	0.4002
4	1618	97.394300618172	0.523365940813
4	1625	97.594300618172	0.456114263661
4	1630	97.794300618172	0.445408610032
4	1644	98.142479778758	0.4002
4	1646	98.342479778758	0.524366818145
4	1663	98.918437076542	0.4002
4	1668	99.148057645859	0.4002
4	1682	100.42259996406	0.4002
4	1690	100.743530589514	0.4002
4	1712	102.245877659365	0.4002
4	1715	102.445877659365	0.560421559111
4	1717	102.645877659365	0.613784290262
4	1728	103.139807085342	0.4002
4	1739	103.639513194982	0.4002
4	1750	104.141171714164	0.4002
4	1769	105.343116027668	0.4002
4	1771	105.543116027668	0.415151095941
4	1782	105.954913694057	0.4002
4	1793	106.399369064325	0.4002
4	1810	107.890718478511	0.4002
4	1812	108.090718478511	0.541009814949
4	1823	109.474091368337	0.4002
4	1840	109.988828752982	0.4002
4	1842	110.188828752982	0.548137710596
4	1861	111.630444599592	0.4002
4	1871	111.830444599592	0.404995750683
4	1880	112.055784977368	0.4002
4	1882	112.255784977368	0.594559549602
4	1893	112.721932973821	0.4002
4	1910	113.830329564422	0.4002
4	1912	114.030329564422	0.515401571864
4	1923	114.540196385066	0.4002
4	1934	115.296156671131	0.4002
4	1954	116.400926154023	0.4002
4	1967	116.605918654239	0.4002
4	1974	116.805918654239	0.415689365743
4	1982	117.005918654239	0.494279102603
4	1987	117.21615962559	0.4002
4	1998	117.746037050766	0.4002
4	2020	118.228915490647	0.4002
4	2023	118.428915490647	0.588012524723
4	2025	118.628915490647	0.679861173532
4	2046	119.408698960563	0.4002
4	2058	119.68573749819	0.4002
4	2061	119.88573749819	0.597376075705
4	2066	120.08573749819	0.702371171967
4	2074	120.463146811406	0.4002
4	2093	120.968996630695	0.4002
4	2095	121.168996630695	0.411367003487
4	2106	121.88773481927	0.4002
4	2123	122.68498954352	0.4002
4	2128	122.889197586461	0.4002
4	2142	124.85428349309	0.4002
4	2158	125.195025985178	0.4002
4	2160	125.395025985178	0.428587416495
4	2171	126.21325321426	0.4002
4	2185	126.728288994957	0.4002
4	2193	127.03089527891	0.4002
4	2204	127.568849801382	0.4002
4	2215	128.927089946899	0.4002
4	2226	129.436622433838	0.4002
4	2245	130.047817671849	0.4002
4	2247	130.247817671849	0.448748004265
4	2258	131.532173806668	0.4002
4	2269	133.363542800799	0.4002
4	2283	134.047307578919	0.4002
4	2294	134.40288199539	0.4002
4	2302	134.760709631988	0.4002
4	2313	135.884785559902	0.4002
4	2324	138.190589509848	0.4002
4	2347	138.911932650196	0.4002
4	2351	139.111932650196	0.526084011583
4	2353	139.311932650196	0.514271931619
4	2364	140.071951853716	0.4002
4	2378	141.080505176444	0.4002
4	2389	141.398938674414	0.4002
4	2397	141.701949923067	0.4002
4	2408	142.377119133173	0.4002
4	2427	143.654818770814	0.4002
4	2429	143.854818770814	0.427753714358
4	2446	144.349586552252	0.4002
4	2451	144.575029857696	0.4002
4	2462	145.855928127686	0.4002
4	2473	147.874550399517	0.4002
4	2484	148.582180159704	0.4002
4	2495	149.114897005966	0.4002
4	2506	149.890042567246	0.4002
4	2517	150.536743497728	0.4002
4	2528	150.954223174268	0.4002
4	2539	151.411343837046	0.4002
4	2558	153.286624851641	0.4002
4	2560	153.486624851641	0.442965654995
4	2574	154.063537403033	0.4002
4	2585	154.36492388199	0.4002
4	2593	154.695761476071	0.4002
4	2604	155.274433615367	0.4002
4	2620	155.833875343611	0.4002
4	2635	156.220338168605	0.4002
4	2642	156.420338168605	0.588572131191
4	2650	156.620338168605	0.407495501813
4	2655	156.828398996314	0.4002
4	2666	157.583825106672	0.4002
4	2683	158.231417225865	0.4002
4	2694	158.435216065414	0.4002
4	2705	158.640775840233	0.4002
4	2710	158.930957252187	0.4002
4	2721	159.50838228565	0.4002
4	2735	160.338169809572	0.4002
4	2743	160.674146451616	0.4002
4	2768	161.938615014586	0.4002
4	2780	162.138615014586	0.512855612931
4	2784	162.338615014586	0.647727353834
4	2789	162.538615014586	0.635192874487
4	2799	162.738615014586	0.777039221741
4	2806	162.938615014586	0.470706138186
4	2808	163.138615014586	0.408489329922
4	2819	163.666563131647	0.4002
4	2830	164.148094323102	0.4002
4	2847	164.660542164488	0.4002
4	2849	164.860542164488	0.579677948985
4	2860	165.316469846732	0.4002
4	2871	167.399991134301	0.4002
4	2888	168.033500899497	0.4002
4	2896	168.265778954786	0.4002
4	2912	168.604545255458	0.4002
4	2914	168.804545255458	0.450151103013
4	2934	170.11577454806	0.4002
4	2945	170.31577454806	0.508823824847
4	2952	170.51577454806	0.433920094472
4	2959	170.71577454806	0.57252772556
4	2961	170.91577454806	0.429050794703
4	2972	173.369609609663	0.4002
4	2991	174.704558403998	0.4002
4	2993	174.904558403998	0.419260452066
4	3004	175.870036498688	0.4002
4	3015	176.332082614416	0.4002
4	3029	177.062294311618	0.4002
4	3048	177.418738410612	0.4002
4	3051	177.618738410612	0.536832413823
4	3053	177.818738410612	0.673903312463
4	3070	179.056604376199	0.4002
4	3075	179.317211769765	0.4002
4	3089	180.068776284712	0.4002
4	3097	180.448853855346	0.4002
4	3108	184.508088167308	0.4002
4	3125	185.611927838354	0.4002
4	3127	185.811927838354	0.503077947973
4	3138	187.119156264231	0.4002
4	3160	188.334701554493	0.4002
4	3166	188.534701554493	0.577230252269
4	3173	188.734701554493	0.670834907182
4	3175	188.934701554493	0.444884150848
4	3198	189.463597257998	0.4002
4	3202	189.663597257998	0.49067683887
4	3204	189.863597257998	0.611366613101
4	3215	190.558324718263	0.4002
4	3226	191.688682050215	0.4002
4	3237	192.889873947531	0.4002
4	3251	193.877905408327	0.4002
4	3259	194.195907135209	0.4002
4	3276	194.701035712248	0.4002
4	3288	194.901035712248	0.509725393884
4	3300	195.105232336417	0.4002
4	3303	195.305232336417	0.579927928669
4	3305	195.505232336417	0.736922698081
4	3316	197.598417741619	0.4002
4	3333	198.315680881388	0.4002
4	3341	198.596044421234	0.4002
4	3352	198.958623864343	0.4002
4	3360	199.28553814123	0.4002
5	10	0.877724702739	1
5	21	1.416860935829	2
5	32	2.170419390657	3
5	43	3.286181917902	4
5	54	3.840115796784	5
5	65	5.011042998315	6
5	76	5.483363682304	7
5	90	6.610742114826	8
5	98	6.941371206828	9
5	109	7.527575062664	10
5	126	8.150470643062	11
5	134	8.441547541295	12
5	148	8.786859059425	13
5	153	8.998754542908	14
5	170	10.33286919613	15
5	172	10.53286919613	16
5	191	12.356847365543	17
5	199	12.556847365543	18
5	207	12.838022313017	19
5	215	13.227690121968	20
5	226	14.169027792542	21
5	237	15.172354512737	22
5	251	15.623958980725	23
5	259	16.016288521058	24
5	276	16.519948232798	25
5	281	16.819271438208	26
5	292	18.378223889717	27
5	317	19.463245448282	28
5	325	19.663245448282	29
5	327	19.863245448282	30
5	334	20.063245448282	31
5	352	20.435867579967	32
5	356	20.635867579967	33
5	358	20.835867579967	34
5	369	21.796164413422	35
5	380	23.686266370628	36
5	397	24.58973692581	37
5	399	24.78973692581	38
5	410	25.904663992774	39
5	421	27.129199322321	40
5	435	29.436332443806	41
5	443	29.821357947413	42
5	454	30.78450168165	43
5	468	31.752902926586	44
5	476	32.124260602362	45
5	487	32.565239255076	46
5	498	33.47516083947	47
5	515	34.156724204496	48
5	517	34.356724204496	49
5	528	34.997385471493	50
5	539	35.610244596103	51
5	556	36.133637313128	52
5	561	36.333637313128	53
5	569	36.688975916508	54
5	580	38.4256282033	55
5	591	39.278447011356	56
5	611	39.72114338641	57
5	618	39.92114338641	58
5	623	40.12114338641	59
5	642	40.494667336146	60
5	649	40.694667336146	61
5	651	40.894667336146	62
5	662	41.695710412107	63
5	676	42.496884522881	64
5	692	42.862333976791	65
5	694	43.062333976791	66
5	719	43.5129638946	67
5	727	43.7129638946	68
5	729	43.9129638946	69
5	734	44.1129638946	70
5	748	44.423402902341	71
5	750	44.623402902341	72
5	769	45.088882802314	73
5	771	45.288882802314	74
5	788	45.81547674798	75
5	793	46.108610977565	76
5	804	47.835359990332	77
5	815	49.232708014861	78
5	829	49.919791387681	79
5	843	50.278439033772	80
5	848	50.545750130803	81
5	862	51.115446880901	82
5	870	51.460166324946	83
5	881	52.855976961963	84
5	903	53.573641641637	85
5	906	53.773641641637	86
5	908	53.973641641637	87
5	919	55.773775762055	88
5	930	56.433123242586	89
5	941	57.068423721479	90
5	966	57.734782188891	91
5	973	57.934782188891	92
5	984	58.134782188891	93
5	988	58.334782188891	94
5	990	58.534782188891	95
5	1007	59.171247096256	96
5	1012	59.398624274826	97
5	1029	59.960261210689	98
5	1040	60.231522446824	99
5	1045	60.467389981206	100
5	1065	60.974046657323	101
5	1072	61.174046657323	102
5	1074	61.374046657323	103
5	1085	61.947473740755	104
5	1096	64.620171848461	105
5	1113	66.535939833693	106
5	1115	66.735939833693	107
5	1134	67.235216746598	108
5	1136	67.435216746598	109
5	1155	67.980609205115	110
5	1157	68.180609205115	111
5	1168	71.302217542516	112
5	1179	71.937463171572	113
5	1198	72.460612683747	114
5	1206	72.660612683747	115
5	1214	72.956899809957	116
5	1225	73.333664758552	117
5	1241	73.719933359514	118
5	1243	73.919933359514	119
5	1265	74.474218009043	120
5	1276	74.674218009043	121
5	1280	74.874218009043	122
5	1282	75.074218009043	123
5	1293	75.569669447479	124
5	1312	76.210512765769	125
5	1321	76.439446271794	126
5	1323	76.639446271794	127
5	1342	77.432654833309	128
5	1344	77.632654833309	129
5	1361	79.356297126324	130
5	1366	79.632305500968	131
5	1377	80.284067129495	132
5	1399	81.316266124125	133
5	1402	81.516266124125	134
5	1410	81.716266124125	135
5	1415	81.970812960593	136
5	1426	83.062704312164	137
5	1443	83.734592931616	138
5	1445	83.934592931616	139
5	1456	85.939366820208	140
5	1467	88.188785695959	141
5	1481	89.451978476434	142
5	1489	89.831380434271	143
5	1500	90.258930590271	144
5	1517	92.516086960973	145
5	1522	92.716086960973	146
5	1533	93.107570214968	147
5	1541	93.467538346953	148
5	1566	94.274085510244	149
5	1577	94.474085510244	150
5	1584	94.674085510244	151
5	1586	94.874085510244	152
5	1588	95.074085510244	153
5	1608	97.194300618172	154
5	1618	97.394300618172	155
5	1625	97.594300618172	156
5	1630	97.794300618172	157
5	1644	98.142479778758	158
5	1646	98.342479778758	159
5	1663	98.918437076542	160
5	1668	99.148057645859	161
5	1682	100.42259996406	162
5	1690	100.743530589514	163
5	1712	102.245877659365	164
5	1715	102.445877659365	165
5	1717	102.645877659365	166
5	1728	103.139807085342	167
5	1739	103.639513194982	168
5	1750	104.141171714164	169
5	1769	105.343116027668	170
5	1771	105.543116027668	171
5	1782	105.954913694057	172
5	1793	106.399369064325	173
5	1810	107.890718478511	174
5	1812	108.090718478511	175
5	1823	109.474091368337	176
5	1840	109.988828752982	177
5	1842	110.188828752982	178
5	1861	111.630444599592	179
5	1871	111.830444599592	180
5	1880	112.055784977368	181
5	1882	112.255784977368	182
5	1893	112.721932973821	183
5	1910	113.830329564422	184
5	1912	114.030329564422	185
5	1923	114.540196385066	186
5	1934	115.296156671131	187
5	1954	116.400926154023	188
5	1967	116.605918654239	189
5	1974	116.805918654239	190
5	1982	117.005918654239	191
5	1987	117.21615962559	192
5	1998	117.746037050766	193
5	2020	118.228915490647	194
5	2023	118.428915490647	195
5	2025	118.628915490647	196
5	2046	119.408698960563	197
5	2058	119.68573749819	198
5	2061	119.88573749819	199
5	2066	120.08573749819	200
5	2074	120.463146811406	201
5	2093	120.968996630695	202
5	2095	121.168996630695	203
5	2106	121.88773481927	204
5	2123	122.68498954352	205
5	2128	122.889197586461	206
5	2142	124.85428349309	207
5	2158	125.195025985178	208
5	2160	125.395025985178	209
5	2171	126.21325321426	210
5	2185	126.728288994957	211
5	2193	127.03089527891	212
5	2204	127.568849801382	213
5	2215	128.927089946899	214
5	2226	129.436622433838	215
5	2245	130.047817671849	216
5	2247	130.247817671849	217
5	2258	131.532173806668	218
5	2269	133.363542800799	219
5	2283	134.047307578919	220
5	2294	134.40288199539	221
5	2302	134.760709631988	222
5	2313	135.884785559902	223
5	2324	138.190589509848	224
5	2347	138.911932650196	225
5	2351	139.111932650196	226
5	2353	139.311932650196	227
5	2364	140.071951853716	228
5	2378	141.080505176444	229
5	2389	141.398938674414	230
5	2397	141.701949923067	231
5	2408	142.377119133173	232
5	2427	143.654818770814	233
5	2429	143.854818770814	234
5	2446	144.349586552252	235
5	2451	144.575029857696	236
5	2462	145.855928127686	237
5	2473	147.874550399517	238
5	2484	148.582180159704	239
5	2495	149.114897005966	240
5	2506	149.890042567246	241
5	2517	150.536743497728	242
5	2528	150.954223174268	243
5	2539	151.411343837046	244
5	2558	153.286624851641	245
5	2560	153.486624851641	246
5	2574	154.063537403033	247
5	2585	154.36492388199	248
5	2593	154.695761476071	249
5	2604	155.274433615367	250
5	2620	155.833875343611	251
5	2635	156.220338168605	252
5	2642	156.420338168605	253
5	2650	156.620338168605	254
5	2655	156.828398996314	255
5	2666	157.583825106672	256
5	2683	158.231417225865	257
5	2694	158.435216065414	258
5	2705	158.640775840233	259
5	2710	158.930957252187	260
5	2721	159.50838228565	261
5	2735	160.338169809572	262
5	2743	160.674146451616	263
5	2768	161.938615014586	264
5	2780	162.138615014586	265
5	2784	162.338615014586	266
5	2789	162.538615014586	267
5	2799	162.738615014586	268
5	2806	162.938615014586	269
5	2808	163.138615014586	270
5	2819	163.666563131647	271
5	2830	164.148094323102	272
5	2847	164.660542164488	273
5	2849	164.860542164488	274
5	2860	165.316469846732	275
5	2871	167.399991134301	276
5	2888	168.033500899497	277
5	2896	168.265778954786	278
5	2912	168.604545255458	279
5	2914	168.804545255458	280
5	2934	170.11577454806	281
5	2945	170.31577454806	282
5	2952	170.51577454806	283
5	2959	170.71577454806	284
5	2961	170.91577454806	285
5	2972	173.369609609663	286
5	2991	174.704558403998	287
5	2993	174.904558403998	288
5	3004	175.870036498688	289
5	3015	176.332082614416	290
5	3029	177.062294311618	291
5	3048	177.418738410612	292
5	3051	177.618738410612	293
5	3053	177.818738410612	294
5	3070	179.056604376199	295
5	3075	179.317211769765	296
5	3089	180.068776284712	297
5	3097	180.448853855346	298
5	3108	184.508088167308	299
5	3125	185.611927838354	300
5	3127	185.811927838354	301
5	3138	187.119156264231	302
5	3160	188.334701554493	303
5	3166	188.534701554493	304
5	3173	188.734701554493	305
5	3175	188.934701554493	306
5	3198	189.463597257998	307
5	3202	189.663597257998	308
5	3204	189.863597257998	309
5	3215	190.558324718263	310
5	3226	191.688682050215	311
5	3237	192.889873947531	312
5	3251	193.877905408327	313
5	3259	194.195907135209	314
5	3276	194.701035712248	315
5	3288	194.901035712248	316
5	3300	195.105232336417	317
5	3303	195.305232336417	318
5	3305	195.505232336417	319
5	3316	197.598417741619	320
5	3333	198.315680881388	321
5	3341	198.596044421234	322
5	3352	198.958623864343	323
5	3360	199.28553814123	324

