version 3
run General-0-20240511-12:37:19-15360
attr configname General
attr datetime 20240511-12:37:19
attr datetimef 20240511-123719
attr experiment General
attr inifile omnetpp.ini
attr iterationvars ""
attr iterationvarsd ""
attr iterationvarsf ""
attr measurement ""
attr network Network
attr processid 15360
attr repetition 0
attr replication #0
attr resultdir results
attr runnumber 0
attr seedset 0
config network Network
config sim-time-limit 200s
config Network.queue0.serviceTime exponential(0.001)
config Network.queue1.serviceTime exponential(0.001)
config Network.nodeTx.gen.generationInterval exponential(1)
config Network.nodeTx.gen.packetByteSize 12500
config Network.queue0.bufferSize 200
config Network.queue1.bufferSize 200
config Network.nodeRx.traRx.bufferSize 200
config Network.nodeTx.traTx.bufferSize 2000000
config Network.nodeTx.traTx.serviceTime exponential(0.1)
config Network.nodeRx.traRx.serviceTime exponential(0.1)

vector 0 Network.nodeTx.gen packetGen ETV
vector 1 Network.nodeTx.traTx BufferSizeTx ETV
vector 2 Network.queue0 BufferSize ETV
vector 3 Network.nodeRx.traRx BufferSizeRx ETV
vector 4 Network.queue1 BufferSize ETV
vector 5 Network.nodeRx.sink Delay ETV
vector 6 Network.nodeRx.sink PacketUsed ETV
0	1	0.795874504566	1
0	18	1.69443489305	1
0	35	2.950365651097	1
0	52	4.809969863172	1
0	69	5.733192994643	1
0	86	7.684738330527	1
0	103	8.471939470509	1
0	120	10.350903524712	1
0	137	10.901952011382	1
0	154	11.878958437775	1
0	171	12.917117738439	1
0	188	13.402245902161	1
0	205	13.977765099044	1
0	220	14.330924238182	1
0	239	16.554448660218	1
0	242	16.612833329311	1
0	272	19.927745609239	1
0	287	20.246101750081	1
0	306	20.729703855029	1
0	323	21.37915020328	1
0	340	22.948046320903	1
0	357	24.620257521228	1
0	374	25.372931634541	1
0	391	26.026814201762	1
0	408	26.866247054662	1
0	425	27.365119063678	1
0	442	29.963373149527	1
0	459	31.771742413802	1
0	462	31.845427769267	1
0	481	32.25700576551	1
0	484	32.348166791634	1
0	526	33.392779299942	1
0	529	33.413204888341	1
0	548	33.872453025596	1
0	576	35.659940689035	1
0	593	38.810110617711	1
0	610	40.315894876348	1
0	616	40.467125730013	1
0	644	42.507439987955	1
0	661	44.548332203867	1
0	678	48.393554073009	1
0	695	49.035263245687	1
0	712	50.640502802749	1
0	729	52.254504877642	1
0	746	52.873434337269	1
0	763	53.608398758459	1
0	780	55.124934732449	1
0	797	56.260873674159	1
0	803	56.386748083597	1
0	831	57.661975785821	1
0	848	58.68340766017	1
0	865	59.555728855212	1
0	871	59.710458535712	1
0	899	60.481293194179	1
0	916	63.375713672166	1
0	933	64.79707835226	1
0	950	65.534905644016	1
0	956	65.646851804649	1
0	982	66.182417524877	1
0	1001	66.824112226908	1
0	1016	67.131392579061	1
0	1024	67.337595861091	1
0	1052	68.825850686843	1
0	1069	70.161140871467	1
0	1086	70.77022329465	1
0	1092	71.014271785387	1
0	1120	71.854606490999	1
0	1126	71.999884518291	1
0	1129	72.018853087492	1
0	1146	72.410623898169	1
0	1188	73.372004837235	1
0	1194	73.534141326681	1
0	1222	74.481138003856	1
0	1228	74.732579935931	1
0	1256	75.692127913299	1
0	1273	76.180684962607	1
0	1290	79.058599983885	1
0	1307	81.387513358099	1
0	1324	82.532652312799	1
0	1341	83.130398389617	1
0	1358	83.575916884668	1
0	1375	84.525411468165	1
0	1392	85.099943874906	1
0	1409	87.4262949366	1
0	1426	88.622402736057	1
0	1432	88.726963961832	1
0	1435	88.789079252298	1
0	1477	92.289292936753	1
0	1494	93.388205404304	1
0	1511	94.447039535792	1
0	1528	95.557636981479	1
0	1534	95.745063047497	1
0	1551	95.98126975358	1
0	1568	96.424673782201	1
0	1585	96.562702470629	1
0	1613	97.95174516042	1
0	1628	98.330707124703	1
0	1647	99.266768684474	1
0	1664	99.718870744699	1
0	1679	100.111983302003	1
0	1698	100.956411095531	1
0	1701	100.995594251944	1
0	1729	101.572918562751	1
0	1748	102.578789567918	1
0	1765	107.033286414094	1
0	1782	110.226233056148	1
0	1788	110.333868164304	1
0	1816	111.391694577656	1
0	1822	111.625996096432	1
0	1850	112.634015341852	1
0	1856	112.809928887278	1
0	1884	118.170029237521	1
0	1901	119.228771952615	1
0	1918	120.100687806241	1
0	1924	120.392768339508	1
0	1952	120.927833016591	1
0	1969	121.555774597582	1
0	1986	122.199555599185	1
0	1992	122.479832607664	1
0	2020	123.456696681735	1
0	2026	123.629824137881	1
0	2043	124.042325367803	1
0	2060	124.159280777595	1
0	2088	125.282449079128	1
0	2105	126.350521276278	1
0	2120	126.732077119652	1
0	2128	126.880789388904	1
0	2156	128.387424722177	1
0	2162	128.606305318684	1
0	2190	131.593495210536	1
0	2207	132.053509168276	1
0	2224	133.139778549154	1
0	2241	134.860110206871	1
0	2244	134.873774785302	1
0	2249	134.975919666827	1
0	2291	135.951021600983	1
0	2308	137.770840520267	1
0	2325	138.890654886021	1
0	2331	138.99168966133	1
0	2359	142.565278033674	1
0	2376	146.314309493258	1
0	2393	148.41963079405	1
0	2410	149.051967390446	1
0	2427	149.764550983779	1
0	2444	153.526478268283	1
0	2447	153.583805194707	1
0	2477	154.512283691608	1
0	2494	155.112230578249	1
0	2511	156.456475850401	1
0	2514	156.476665978547	1
0	2516	156.516642277605	1
0	2544	157.099520666472	1
0	2560	157.431930907436	1
0	2592	161.323501030281	1
0	2598	161.451557795592	1
0	2615	161.896977257512	1
0	2641	162.248153346893	1
0	2660	162.903799631257	1
0	2666	163.030188267682	1
0	2694	164.197061794231	1
0	2709	164.579762743093	1
0	2728	166.703999940095	1
0	2745	167.238884315852	1
0	2762	169.742796098937	1
0	2765	169.809093500419	1
0	2779	170.053488948501	1
0	2811	171.232678475566	1
0	2828	172.065521991632	1
0	2845	172.901619523602	1
0	2862	174.904860046109	1
0	2877	175.213274886207	1
0	2896	175.924522823424	1
0	2913	176.665281773871	1
0	2930	179.150864130848	1
0	2933	179.249514439266	1
0	2963	181.789818947225	1
0	2980	182.647714588299	1
0	2983	182.734485070639	1
0	3013	185.383740999315	1
0	3028	185.709081414844	1
0	3045	186.092641628943	1
0	3048	186.102042379607	1
0	3080	187.202888289698	1
0	3097	189.0502159407	1
0	3103	189.191546654261	1
0	3131	190.23332730844	1
0	3148	191.493261118549	1
0	3165	193.334543590036	1
0	3180	193.676197757062	1
0	3197	193.983715480824	1
0	3205	194.186065919391	1
0	3233	194.693266042648	1
0	3250	195.576395084607	1
0	3267	196.381192484408	1
0	3270	196.401504943204	1
0	3275	196.581757195189	1
0	3317	198.347498267602	1
0	3334	198.809229163646	1
0	3337	198.813935704138	1
0	3342	198.972277210369	1
1	2	0.795874504566	1
1	19	1.69443489305	1
1	36	2.950365651097	1
1	53	4.809969863172	1
1	70	5.733192994643	1
1	87	7.684738330527	1
1	104	8.471939470509	1
1	121	10.350903524712	1
1	138	10.901952011382	1
1	155	11.878958437775	1
1	172	12.917117738439	1
1	189	13.402245902161	1
1	206	13.977765099044	1
1	221	14.330924238182	1
1	240	16.554448660218	1
1	243	16.612833329311	1
1	273	19.927745609239	1
1	288	20.246101750081	1
1	307	20.729703855029	1
1	324	21.37915020328	1
1	341	22.948046320903	1
1	358	24.620257521228	1
1	375	25.372931634541	1
1	392	26.026814201762	1
1	409	26.866247054662	1
1	426	27.365119063678	1
1	443	29.963373149527	1
1	460	31.771742413802	1
1	463	31.845427769267	1
1	482	32.25700576551	1
1	485	32.348166791634	2
1	527	33.392779299942	1
1	530	33.413204888341	1
1	549	33.872453025596	1
1	577	35.659940689035	1
1	594	38.810110617711	1
1	611	40.315894876348	1
1	617	40.467125730013	1
1	645	42.507439987955	1
1	662	44.548332203867	1
1	679	48.393554073009	1
1	696	49.035263245687	1
1	713	50.640502802749	1
1	730	52.254504877642	1
1	747	52.873434337269	1
1	764	53.608398758459	1
1	781	55.124934732449	1
1	798	56.260873674159	1
1	804	56.386748083597	1
1	832	57.661975785821	1
1	849	58.68340766017	1
1	866	59.555728855212	1
1	872	59.710458535712	1
1	900	60.481293194179	1
1	917	63.375713672166	1
1	934	64.79707835226	1
1	951	65.534905644016	1
1	957	65.646851804649	1
1	983	66.182417524877	1
1	1002	66.824112226908	1
1	1017	67.131392579061	1
1	1025	67.337595861091	1
1	1053	68.825850686843	1
1	1070	70.161140871467	1
1	1087	70.77022329465	1
1	1093	71.014271785387	1
1	1121	71.854606490999	1
1	1127	71.999884518291	1
1	1130	72.018853087492	2
1	1147	72.410623898169	2
1	1189	73.372004837235	1
1	1195	73.534141326681	1
1	1223	74.481138003856	1
1	1229	74.732579935931	1
1	1257	75.692127913299	1
1	1274	76.180684962607	1
1	1291	79.058599983885	1
1	1308	81.387513358099	1
1	1325	82.532652312799	1
1	1342	83.130398389617	1
1	1359	83.575916884668	1
1	1376	84.525411468165	1
1	1393	85.099943874906	1
1	1410	87.4262949366	1
1	1427	88.622402736057	1
1	1433	88.726963961832	1
1	1436	88.789079252298	2
1	1478	92.289292936753	1
1	1495	93.388205404304	1
1	1512	94.447039535792	1
1	1529	95.557636981479	1
1	1535	95.745063047497	1
1	1552	95.98126975358	1
1	1569	96.424673782201	1
1	1586	96.562702470629	1
1	1614	97.95174516042	1
1	1629	98.330707124703	1
1	1648	99.266768684474	1
1	1665	99.718870744699	1
1	1680	100.111983302003	1
1	1699	100.956411095531	1
1	1702	100.995594251944	1
1	1730	101.572918562751	1
1	1749	102.578789567918	1
1	1766	107.033286414094	1
1	1783	110.226233056148	1
1	1789	110.333868164304	1
1	1817	111.391694577656	1
1	1823	111.625996096432	1
1	1851	112.634015341852	1
1	1857	112.809928887278	1
1	1885	118.170029237521	1
1	1902	119.228771952615	1
1	1919	120.100687806241	1
1	1925	120.392768339508	1
1	1953	120.927833016591	1
1	1970	121.555774597582	1
1	1987	122.199555599185	1
1	1993	122.479832607664	1
1	2021	123.456696681735	1
1	2027	123.629824137881	1
1	2044	124.042325367803	1
1	2061	124.159280777595	1
1	2089	125.282449079128	1
1	2106	126.350521276278	1
1	2121	126.732077119652	1
1	2129	126.880789388904	1
1	2157	128.387424722177	1
1	2163	128.606305318684	1
1	2191	131.593495210536	1
1	2208	132.053509168276	1
1	2225	133.139778549154	1
1	2242	134.860110206871	1
1	2245	134.873774785302	1
1	2250	134.975919666827	2
1	2292	135.951021600983	1
1	2309	137.770840520267	1
1	2326	138.890654886021	1
1	2332	138.99168966133	1
1	2360	142.565278033674	1
1	2377	146.314309493258	1
1	2394	148.41963079405	1
1	2411	149.051967390446	1
1	2428	149.764550983779	1
1	2445	153.526478268283	1
1	2448	153.583805194707	1
1	2478	154.512283691608	1
1	2495	155.112230578249	1
1	2512	156.456475850401	1
1	2515	156.476665978547	1
1	2517	156.516642277605	2
1	2545	157.099520666472	1
1	2561	157.431930907436	1
1	2593	161.323501030281	1
1	2599	161.451557795592	1
1	2616	161.896977257512	1
1	2642	162.248153346893	1
1	2661	162.903799631257	1
1	2667	163.030188267682	1
1	2695	164.197061794231	1
1	2710	164.579762743093	1
1	2729	166.703999940095	1
1	2746	167.238884315852	1
1	2763	169.742796098937	1
1	2766	169.809093500419	1
1	2780	170.053488948501	1
1	2812	171.232678475566	1
1	2829	172.065521991632	1
1	2846	172.901619523602	1
1	2863	174.904860046109	1
1	2878	175.213274886207	1
1	2897	175.924522823424	1
1	2914	176.665281773871	1
1	2931	179.150864130848	1
1	2934	179.249514439266	1
1	2964	181.789818947225	1
1	2981	182.647714588299	1
1	2984	182.734485070639	1
1	3014	185.383740999315	1
1	3029	185.709081414844	1
1	3046	186.092641628943	1
1	3049	186.102042379607	1
1	3081	187.202888289698	1
1	3098	189.0502159407	1
1	3104	189.191546654261	1
1	3132	190.23332730844	1
1	3149	191.493261118549	1
1	3166	193.334543590036	1
1	3181	193.676197757062	1
1	3198	193.983715480824	1
1	3206	194.186065919391	1
1	3234	194.693266042648	1
1	3251	195.576395084607	1
1	3268	196.381192484408	1
1	3271	196.401504943204	1
1	3276	196.581757195189	2
1	3318	198.347498267602	1
1	3335	198.809229163646	1
1	3338	198.813935704138	1
1	3343	198.972277210369	2
2	5	0.895974504566	1
2	22	1.79453489305	1
2	39	3.050465651097	1
2	56	4.910069863172	1
2	73	5.833292994643	1
2	90	7.784838330527	1
2	107	8.572039470509	1
2	124	10.451003524712	1
2	141	11.002052011382	1
2	158	11.979058437775	1
2	175	13.017217738439	1
2	192	13.502345902161	1
2	209	14.077865099044	1
2	226	14.431024238182	1
2	245	16.654548660218	1
2	259	16.954948660218	1
2	276	20.027845609239	1
2	293	20.346201750081	1
2	310	20.829803855029	1
2	327	21.47925020328	1
2	344	23.048146320903	1
2	361	24.720357521228	1
2	378	25.473031634541	1
2	395	26.126914201762	1
2	412	26.966347054662	1
2	429	27.465219063678	1
2	446	30.063473149527	1
2	465	31.871842413802	1
2	479	32.172242413802	1
2	499	32.472642413802	1
2	513	32.773042413802	1
2	532	33.492879299942	1
2	546	33.793279299942	1
2	563	34.093679299942	1
2	580	35.760040689035	1
2	597	38.910210617711	1
2	614	40.415994876348	1
2	631	40.716394876348	1
2	648	42.607539987955	1
2	665	44.648432203867	1
2	682	48.493654073009	1
2	699	49.135363245687	1
2	716	50.740602802749	1
2	733	52.354604877642	1
2	750	52.973534337269	1
2	767	53.708498758459	1
2	784	55.225034732449	1
2	801	56.360973674159	1
2	818	56.661373674159	1
2	835	57.762075785821	1
2	852	58.78350766017	1
2	869	59.655828855212	1
2	886	59.956228855212	1
2	903	60.581393194179	1
2	920	63.475813672166	1
2	937	64.89717835226	1
2	954	65.635005644016	1
2	971	65.935405644016	1
2	988	66.282517524877	1
2	1005	66.924212226908	1
2	1022	67.231492579061	1
2	1039	67.531892579061	1
2	1056	68.925950686843	1
2	1073	70.261240871467	1
2	1090	70.87032329465	1
2	1107	71.17072329465	1
2	1124	71.954706490999	1
2	1144	72.255106490999	1
2	1161	72.555506490999	1
2	1175	72.855906490999	1
2	1192	73.472104837235	1
2	1209	73.772504837235	1
2	1226	74.581238003856	1
2	1243	74.881638003856	1
2	1260	75.792227913299	1
2	1277	76.280784962607	1
2	1294	79.158699983885	1
2	1311	81.487613358099	1
2	1328	82.632752312799	1
2	1345	83.230498389617	1
2	1362	83.676016884668	1
2	1379	84.625511468165	1
2	1396	85.200043874906	1
2	1413	87.5263949366	1
2	1430	88.722502736057	1
2	1450	89.022902736057	1
2	1464	89.323302736057	1
2	1481	92.389392936753	1
2	1498	93.488305404304	1
2	1515	94.547139535792	1
2	1532	95.657736981479	1
2	1549	95.958136981479	1
2	1566	96.258536981479	1
2	1583	96.558936981479	1
2	1600	96.859336981479	1
2	1617	98.05184516042	1
2	1634	98.430807124703	1
2	1651	99.366868684474	1
2	1668	99.818970744699	1
2	1685	100.212083302003	1
2	1704	101.056511095531	1
2	1718	101.356911095531	1
2	1735	101.673018562751	1
2	1752	102.678889567918	1
2	1769	107.133386414094	1
2	1786	110.326333056148	1
2	1803	110.626733056148	1
2	1820	111.491794577656	1
2	1837	111.792194577656	1
2	1854	112.734115341852	1
2	1871	113.034515341852	1
2	1888	118.270129237521	1
2	1905	119.328871952615	1
2	1922	120.200787806241	1
2	1939	120.501187806241	1
2	1956	121.027933016591	1
2	1973	121.655874597582	1
2	1990	122.299655599185	1
2	2007	122.600055599185	1
2	2024	123.556796681735	1
2	2041	123.857196681735	1
2	2058	124.157596681735	1
2	2075	124.457996681735	1
2	2092	125.382549079128	1
2	2109	126.450621276278	1
2	2126	126.832177119652	1
2	2143	127.132577119652	1
2	2160	128.487524722177	1
2	2177	128.787924722177	1
2	2194	131.693595210536	1
2	2211	132.153609168276	1
2	2228	133.239878549154	1
2	2247	134.960210206871	1
2	2264	135.260610206871	1
2	2278	135.561010206871	1
2	2295	136.051121600983	1
2	2312	137.870940520267	1
2	2329	138.990754886021	1
2	2346	139.291154886021	1
2	2363	142.665378033674	1
2	2380	146.414409493258	1
2	2397	148.51973079405	1
2	2414	149.152067390446	1
2	2431	149.864650983779	1
2	2450	153.626578268283	1
2	2464	153.926978268283	1
2	2481	154.612383691608	1
2	2498	155.212330578249	1
2	2519	156.556575850401	1
2	2533	156.856975850401	1
2	2549	157.157375850401	1
2	2565	157.457775850401	1
2	2579	157.758175850401	1
2	2596	161.423601030281	1
2	2613	161.724001030281	1
2	2630	162.024401030281	1
2	2647	162.348253346893	1
2	2664	163.003899631257	1
2	2681	163.304299631257	1
2	2698	164.297161794231	1
2	2715	164.679862743093	1
2	2732	166.804099940095	1
2	2749	167.338984315852	1
2	2768	169.842896098937	1
2	2784	170.143296098937	1
2	2798	170.443696098937	1
2	2815	171.332778475566	1
2	2832	172.165621991632	1
2	2849	173.001719523602	1
2	2866	175.004960046109	1
2	2883	175.313374886207	1
2	2900	176.024622823424	1
2	2917	176.765381773871	1
2	2936	179.250964130848	1
2	2950	179.551364130848	1
2	2967	181.889918947225	1
2	2986	182.747814588299	1
2	3000	183.048214588299	1
2	3017	185.483840999315	1
2	3034	185.809181414844	1
2	3053	186.192741628943	1
2	3067	186.493141628943	1
2	3084	187.302988289698	1
2	3101	189.1503159407	1
2	3118	189.4507159407	1
2	3135	190.33342730844	1
2	3152	191.593361118549	1
2	3169	193.434643590036	1
2	3186	193.776297757062	1
2	3203	194.083815480824	1
2	3220	194.384215480824	1
2	3237	194.793366042648	1
2	3254	195.676495084607	1
2	3273	196.481292484408	1
2	3290	196.781692484408	1
2	3304	197.082092484408	1
2	3321	198.447598267602	1
2	3340	198.909329163646	1
2	3357	199.209729163646	1
2	3371	199.510129163646	1
3	8	1.096074504566	2
3	25	1.99463489305	2
3	42	3.250565651097	2
3	59	5.110169863172	2
3	76	6.033392994643	2
3	93	7.984938330527	2
3	110	8.772139470509	2
3	127	10.651103524712	2
3	144	11.202152011382	2
3	161	12.179158437775	2
3	178	13.217317738439	2
3	195	13.702445902161	2
3	212	14.277965099044	2
3	229	14.631124238182	2
3	248	16.854648660218	2
3	262	17.155048660218	2
3	279	20.227945609239	2
3	296	20.546301750081	2
3	313	21.029903855029	2
3	330	21.67935020328	2
3	347	23.248246320903	2
3	364	24.920457521228	2
3	381	25.673131634541	2
3	398	26.327014201762	2
3	415	27.166447054662	2
3	432	27.665319063678	2
3	449	30.263573149527	2
3	468	32.071942413802	2
3	488	32.372342413802	2
3	502	32.672742413802	2
3	516	32.973142413802	2
3	535	33.692979299942	2
3	552	33.993379299942	2
3	566	34.293779299942	2
3	583	35.960140689035	2
3	600	39.110310617711	2
3	620	40.616094876348	2
3	634	40.916494876348	2
3	651	42.807639987955	2
3	668	44.848532203867	2
3	685	48.693754073009	2
3	702	49.335463245687	2
3	719	50.940702802749	2
3	736	52.554704877642	2
3	753	53.173634337269	2
3	770	53.908598758459	2
3	787	55.425134732449	2
3	807	56.561073674159	2
3	821	56.861473674159	2
3	838	57.962175785821	2
3	855	58.98360766017	2
3	875	59.855928855212	2
3	889	60.156328855212	2
3	906	60.781493194179	2
3	923	63.675913672166	2
3	940	65.09727835226	2
3	960	65.835105644016	2
3	974	66.135505644016	2
3	991	66.482617524877	2
3	1008	67.124312226908	2
3	1028	67.431592579061	2
3	1042	67.731992579061	2
3	1059	69.126050686843	2
3	1076	70.461340871467	2
3	1096	71.07042329465	2
3	1110	71.37082329465	2
3	1133	72.154806490999	2
3	1150	72.455206490999	2
3	1164	72.755606490999	2
3	1178	73.056006490999	2
3	1198	73.672204837235	2
3	1212	73.972604837235	2
3	1232	74.781338003856	2
3	1246	75.081738003856	2
3	1263	75.992327913299	2
3	1280	76.480884962607	2
3	1297	79.358799983885	2
3	1314	81.687713358099	2
3	1331	82.832852312799	2
3	1348	83.430598389617	2
3	1365	83.876116884668	2
3	1382	84.825611468165	2
3	1399	85.400143874906	2
3	1416	87.7264949366	2
3	1439	88.922602736057	2
3	1453	89.223002736057	2
3	1467	89.523402736057	2
3	1484	92.589492936753	2
3	1501	93.688405404304	2
3	1518	94.747239535792	2
3	1538	95.857836981479	2
3	1555	96.158236981479	2
3	1572	96.458636981479	2
3	1589	96.759036981479	2
3	1603	97.059436981479	2
3	1620	98.25194516042	2
3	1637	98.630907124703	2
3	1654	99.566968684474	2
3	1671	100.019070744699	2
3	1688	100.412183302003	2
3	1707	101.256611095531	2
3	1721	101.557011095531	2
3	1738	101.873118562751	2
3	1755	102.878989567918	2
3	1772	107.333486414094	2
3	1792	110.526433056148	2
3	1806	110.826833056148	2
3	1826	111.691894577656	2
3	1840	111.992294577656	2
3	1860	112.934215341852	2
3	1874	113.234615341852	2
3	1891	118.470229237521	2
3	1908	119.528971952615	2
3	1928	120.400887806241	2
3	1942	120.701287806241	2
3	1959	121.228033016591	2
3	1976	121.855974597582	2
3	1996	122.499755599185	2
3	2010	122.800155599185	2
3	2030	123.756896681735	2
3	2047	124.057296681735	2
3	2064	124.357696681735	2
3	2078	124.658096681735	2
3	2095	125.582649079128	2
3	2112	126.650721276278	2
3	2132	127.032277119652	2
3	2146	127.332677119652	2
3	2166	128.687624722177	2
3	2180	128.988024722177	2
3	2197	131.893695210536	2
3	2214	132.353709168276	2
3	2231	133.439978549154	2
3	2253	135.160310206871	2
3	2267	135.460710206871	2
3	2281	135.761110206871	2
3	2298	136.251221600983	2
3	2315	138.071040520267	2
3	2335	139.190854886021	2
3	2349	139.491254886021	2
3	2366	142.865478033674	2
3	2383	146.614509493258	2
3	2400	148.71983079405	2
3	2417	149.352167390446	2
3	2434	150.064750983779	2
3	2453	153.826678268283	2
3	2467	154.127078268283	2
3	2484	154.812483691608	2
3	2501	155.412430578249	2
3	2522	156.756675850401	2
3	2536	157.057075850401	2
3	2552	157.357475850401	2
3	2568	157.657875850401	2
3	2582	157.958275850401	2
3	2602	161.623701030281	2
3	2619	161.924101030281	2
3	2633	162.224501030281	2
3	2650	162.548353346893	2
3	2670	163.203999631257	2
3	2684	163.504399631257	2
3	2701	164.497261794231	2
3	2718	164.879962743093	2
3	2735	167.004199940095	2
3	2752	167.539084315852	2
3	2771	170.042996098937	2
3	2787	170.343396098937	2
3	2801	170.643796098937	2
3	2818	171.532878475566	2
3	2835	172.365721991632	2
3	2852	173.201819523602	2
3	2869	175.205060046109	2
3	2886	175.513474886207	2
3	2903	176.224722823424	2
3	2920	176.965481773871	2
3	2939	179.451064130848	2
3	2953	179.751464130848	2
3	2970	182.090018947225	2
3	2989	182.947914588299	2
3	3003	183.248314588299	2
3	3020	185.683940999315	2
3	3037	186.009281414844	2
3	3056	186.392841628943	2
3	3070	186.693241628943	2
3	3087	187.503088289698	2
3	3107	189.3504159407	2
3	3121	189.6508159407	2
3	3138	190.53352730844	2
3	3155	191.793461118549	2
3	3172	193.634743590036	2
3	3189	193.976397757062	2
3	3209	194.283915480824	2
3	3223	194.584315480824	2
3	3240	194.993466042648	2
3	3257	195.876595084607	2
3	3279	196.681392484408	2
3	3293	196.981792484408	2
3	3307	197.282192484408	2
3	3324	198.647698267602	2
3	3346	199.109429163646	2
3	3360	199.409829163646	2
3	3374	199.710229163646	2
4	11	1.096174504566	1
4	28	1.99473489305	1
4	45	3.250665651097	1
4	62	5.110269863172	1
4	79	6.033492994643	1
4	96	7.985038330527	1
4	113	8.772239470509	1
4	130	10.651203524712	1
4	147	11.202252011382	1
4	164	12.179258437775	1
4	181	13.217417738439	1
4	198	13.702545902161	1
4	215	14.278065099044	1
4	232	14.631224238182	1
4	251	16.854748660218	1
4	265	17.155148660218	1
4	282	20.228045609239	1
4	299	20.546401750081	1
4	316	21.030003855029	1
4	333	21.67945020328	1
4	350	23.248346320903	1
4	367	24.920557521228	1
4	384	25.673231634541	1
4	401	26.327114201762	1
4	418	27.166547054662	1
4	435	27.665419063678	1
4	452	30.263673149527	1
4	471	32.072042413802	1
4	491	32.372442413802	1
4	505	32.672842413802	1
4	519	32.973242413802	1
4	538	33.693079299942	1
4	555	33.993479299942	1
4	569	34.293879299942	1
4	586	35.960240689035	1
4	603	39.110410617711	1
4	623	40.616194876348	1
4	637	40.916594876348	1
4	654	42.807739987955	1
4	671	44.848632203867	1
4	688	48.693854073009	1
4	705	49.335563245687	1
4	722	50.940802802749	1
4	739	52.554804877642	1
4	756	53.173734337269	1
4	773	53.908698758459	1
4	790	55.425234732449	1
4	810	56.561173674159	1
4	824	56.861573674159	1
4	841	57.962275785821	1
4	858	58.98370766017	1
4	878	59.856028855212	1
4	892	60.156428855212	1
4	909	60.781593194179	1
4	926	63.676013672166	1
4	943	65.09737835226	1
4	963	65.835205644016	1
4	977	66.135605644016	1
4	994	66.482717524877	1
4	1011	67.124412226908	1
4	1031	67.431692579061	1
4	1045	67.732092579061	1
4	1062	69.126150686843	1
4	1079	70.461440871467	1
4	1099	71.07052329465	1
4	1113	71.37092329465	1
4	1136	72.154906490999	1
4	1153	72.455306490999	1
4	1167	72.755706490999	1
4	1181	73.056106490999	1
4	1201	73.672304837235	1
4	1215	73.972704837235	1
4	1235	74.781438003856	1
4	1249	75.081838003856	1
4	1266	75.992427913299	1
4	1283	76.480984962607	1
4	1300	79.358899983885	1
4	1317	81.687813358099	1
4	1334	82.832952312799	1
4	1351	83.430698389617	1
4	1368	83.876216884668	1
4	1385	84.825711468165	1
4	1402	85.400243874906	1
4	1419	87.7265949366	1
4	1442	88.922702736057	1
4	1456	89.223102736057	1
4	1470	89.523502736057	1
4	1487	92.589592936753	1
4	1504	93.688505404304	1
4	1521	94.747339535792	1
4	1541	95.857936981479	1
4	1558	96.158336981479	1
4	1575	96.458736981479	1
4	1592	96.759136981479	1
4	1606	97.059536981479	1
4	1623	98.25204516042	1
4	1640	98.631007124703	1
4	1657	99.567068684474	1
4	1674	100.019170744699	1
4	1691	100.412283302003	1
4	1710	101.256711095531	1
4	1724	101.557111095531	1
4	1741	101.873218562751	1
4	1758	102.879089567918	1
4	1775	107.333586414094	1
4	1795	110.526533056148	1
4	1809	110.826933056148	1
4	1829	111.691994577656	1
4	1843	111.992394577656	1
4	1863	112.934315341852	1
4	1877	113.234715341852	1
4	1894	118.470329237521	1
4	1911	119.529071952615	1
4	1931	120.400987806241	1
4	1945	120.701387806241	1
4	1962	121.228133016591	1
4	1979	121.856074597582	1
4	1999	122.499855599185	1
4	2013	122.800255599185	1
4	2033	123.756996681735	1
4	2050	124.057396681735	1
4	2067	124.357796681735	1
4	2081	124.658196681735	1
4	2098	125.582749079128	1
4	2115	126.650821276278	1
4	2135	127.032377119652	1
4	2149	127.332777119652	1
4	2169	128.687724722177	1
4	2183	128.988124722177	1
4	2200	131.893795210536	1
4	2217	132.353809168276	1
4	2234	133.440078549154	1
4	2256	135.160410206871	1
4	2270	135.460810206871	1
4	2284	135.761210206871	1
4	2301	136.251321600983	1
4	2318	138.071140520267	1
4	2338	139.190954886021	1
4	2352	139.491354886021	1
4	2369	142.865578033674	1
4	2386	146.614609493258	1
4	2403	148.71993079405	1
4	2420	149.352267390446	1
4	2437	150.064850983779	1
4	2456	153.826778268283	1
4	2470	154.127178268283	1
4	2487	154.812583691608	1
4	2504	155.412530578249	1
4	2525	156.756775850401	1
4	2539	157.057175850401	1
4	2555	157.357575850401	1
4	2571	157.657975850401	1
4	2585	157.958375850401	1
4	2605	161.623801030281	1
4	2622	161.924201030281	1
4	2636	162.224601030281	1
4	2653	162.548453346893	1
4	2673	163.204099631257	1
4	2687	163.504499631257	1
4	2704	164.497361794231	1
4	2721	164.880062743093	1
4	2738	167.004299940095	1
4	2755	167.539184315852	1
4	2774	170.043096098937	1
4	2790	170.343496098937	1
4	2804	170.643896098937	1
4	2821	171.532978475566	1
4	2838	172.365821991632	1
4	2855	173.201919523602	1
4	2872	175.205160046109	1
4	2889	175.513574886207	1
4	2906	176.224822823424	1
4	2923	176.965581773871	1
4	2942	179.451164130848	1
4	2956	179.751564130848	1
4	2973	182.090118947225	1
4	2992	182.948014588299	1
4	3006	183.248414588299	1
4	3023	185.684040999315	1
4	3040	186.009381414844	1
4	3059	186.392941628943	1
4	3073	186.693341628943	1
4	3090	187.503188289698	1
4	3110	189.3505159407	1
4	3124	189.6509159407	1
4	3141	190.53362730844	1
4	3158	191.793561118549	1
4	3175	193.634843590036	1
4	3192	193.976497757062	1
4	3212	194.284015480824	1
4	3226	194.584415480824	1
4	3243	194.993566042648	1
4	3260	195.876695084607	1
4	3282	196.681492484408	1
4	3296	196.981892484408	1
4	3310	197.282292484408	1
4	3327	198.647798267602	1
4	3349	199.109529163646	1
4	3363	199.409929163646	1
4	3377	199.710329163646	1
5	16	1.196074504566	0.4002
5	33	2.09463489305	0.4002
5	50	3.350565651097	0.4002
5	67	5.210169863172	0.4002
5	84	6.133392994643	0.4002
5	101	8.084938330527	0.4002
5	118	8.872139470509	0.4002
5	135	10.751103524712	0.4002
5	152	11.302152011382	0.4002
5	169	12.279158437775	0.4002
5	186	13.317317738439	0.4002
5	203	13.802445902161	0.4002
5	223	14.377965099044	0.4002
5	237	14.731124238182	0.4002
5	256	16.954648660218	0.4002
5	270	17.255048660218	0.642215330907
5	290	20.327945609239	0.4002
5	304	20.646301750081	0.4002
5	321	21.129903855029	0.4002
5	338	21.77935020328	0.4002
5	355	23.348246320903	0.4002
5	372	25.020457521228	0.4002
5	389	25.773131634541	0.4002
5	406	26.427014201762	0.4002
5	423	27.266447054662	0.4002
5	440	27.765319063678	0.4002
5	457	30.363573149527	0.4002
5	476	32.171942413802	0.4002
5	496	32.472342413802	0.626914644535
5	510	32.772742413802	0.515736648292
5	524	33.073142413802	0.724975622168
5	543	33.792979299942	0.4002
5	560	34.093379299942	0.680174411601
5	574	34.393779299942	0.521326274346
5	591	36.060140689035	0.4002
5	608	39.210310617711	0.4002
5	628	40.716094876348	0.4002
5	642	41.016494876348	0.549369146335
5	659	42.907639987955	0.4002
5	676	44.948532203867	0.4002
5	693	48.793754073009	0.4002
5	710	49.435463245687	0.4002
5	727	51.040702802749	0.4002
5	744	52.654704877642	0.4002
5	761	53.273634337269	0.4002
5	778	54.008598758459	0.4002
5	795	55.525134732449	0.4002
5	815	56.661073674159	0.4002
5	829	56.961473674159	0.574725590562
5	846	58.062175785821	0.4002
5	863	59.08360766017	0.4002
5	883	59.955928855212	0.4002
5	897	60.256328855212	0.5458703195
5	914	60.881493194179	0.4002
5	931	63.775913672166	0.4002
5	948	65.19727835226	0.4002
5	968	65.935105644016	0.4002
5	985	66.235505644016	0.588653839367
5	999	66.582617524877	0.4002
5	1019	67.224312226908	0.4002
5	1036	67.531592579061	0.4002
5	1050	67.831992579061	0.49439671797
5	1067	69.226050686843	0.4002
5	1084	70.561340871467	0.4002
5	1104	71.17042329465	0.4002
5	1118	71.47082329465	0.456551509263
5	1141	72.254806490999	0.4002
5	1158	72.555206490999	0.555321972708
5	1172	72.855606490999	0.836753403507
5	1186	73.156006490999	0.74538259283
5	1206	73.772204837235	0.4002
5	1220	74.072604837235	0.538463510554
5	1240	74.881338003856	0.4002
5	1254	75.181738003856	0.449158067925
5	1271	76.092327913299	0.4002
5	1288	76.580884962607	0.4002
5	1305	79.458799983885	0.4002
5	1322	81.787713358099	0.4002
5	1339	82.932852312799	0.4002
5	1356	83.530598389617	0.4002
5	1373	83.976116884668	0.4002
5	1390	84.925611468165	0.4002
5	1407	85.500143874906	0.4002
5	1424	87.8264949366	0.4002
5	1447	89.022602736057	0.4002
5	1461	89.323002736057	0.596038774225
5	1475	89.623402736057	0.834323483759
5	1492	92.689492936753	0.4002
5	1509	93.788405404304	0.4002
5	1526	94.847239535792	0.4002
5	1546	95.957836981479	0.4002
5	1563	96.258236981479	0.513173933982
5	1580	96.558636981479	0.577367227899
5	1597	96.859036981479	0.434363199278
5	1611	97.159436981479	0.59673451085
5	1631	98.35194516042	0.4002
5	1645	98.730907124703	0.4002
5	1662	99.666968684474	0.4002
5	1682	100.119070744699	0.4002
5	1696	100.512183302003	0.4002
5	1715	101.356611095531	0.4002
5	1732	101.657011095531	0.661416843587
5	1746	101.973118562751	0.4002
5	1763	102.978989567918	0.4002
5	1780	107.433486414094	0.4002
5	1800	110.626433056148	0.4002
5	1814	110.926833056148	0.592964891844
5	1834	111.791894577656	0.4002
5	1848	112.092294577656	0.466298481224
5	1868	113.034215341852	0.4002
5	1882	113.334615341852	0.524686454574
5	1899	118.570229237521	0.4002
5	1916	119.628971952615	0.4002
5	1936	120.500887806241	0.4002
5	1950	120.801287806241	0.408519466733
5	1967	121.328033016591	0.4002
5	1984	121.955974597582	0.4002
5	2004	122.599755599185	0.4002
5	2018	122.900155599185	0.420322991521
5	2038	123.856896681735	0.4002
5	2055	124.157296681735	0.527472543854
5	2072	124.457696681735	0.415371313932
5	2086	124.758096681735	0.59881590414
5	2103	125.682649079128	0.4002
5	2123	126.750721276278	0.4002
5	2140	127.132277119652	0.4002
5	2154	127.432677119652	0.551887730748
5	2174	128.787624722177	0.4002
5	2188	129.088024722177	0.481719403493
5	2205	131.993695210536	0.4002
5	2222	132.453709168276	0.4002
5	2239	133.539978549154	0.4002
5	2261	135.260310206871	0.4002
5	2275	135.560710206871	0.686935421569
5	2289	135.861110206871	0.885190540044
5	2306	136.351221600983	0.4002
5	2323	138.171040520267	0.4002
5	2343	139.290854886021	0.4002
5	2357	139.591254886021	0.599565224691
5	2374	142.965478033674	0.4002
5	2391	146.714509493258	0.4002
5	2408	148.81983079405	0.4002
5	2425	149.452167390446	0.4002
5	2442	150.164750983779	0.4002
5	2461	153.926678268283	0.4002
5	2475	154.227078268283	0.643273073576
5	2492	154.912483691608	0.4002
5	2509	155.512430578249	0.4002
5	2530	156.856675850401	0.4002
5	2546	157.157075850401	0.680409871854
5	2562	157.457475850401	0.940833572796
5	2576	157.757875850401	0.658355183929
5	2590	158.058275850401	0.626344942965
5	2610	161.723701030281	0.4002
5	2627	162.024101030281	0.572543234689
5	2644	162.324501030281	0.427523772769
5	2658	162.648353346893	0.4002
5	2678	163.303999631257	0.4002
5	2692	163.604399631257	0.574211363575
5	2712	164.597261794231	0.4002
5	2726	164.979962743093	0.4002
5	2743	167.104199940095	0.4002
5	2760	167.639084315852	0.4002
5	2781	170.142996098937	0.4002
5	2795	170.443396098937	0.634302598518
5	2809	170.743796098937	0.690307150436
5	2826	171.632878475566	0.4002
5	2843	172.465721991632	0.4002
5	2860	173.301819523602	0.4002
5	2880	175.305060046109	0.4002
5	2894	175.613474886207	0.4002
5	2911	176.324722823424	0.4002
5	2928	177.065481773871	0.4002
5	2947	179.551064130848	0.4002
5	2961	179.851464130848	0.601949691582
5	2978	182.190018947225	0.4002
5	2997	183.047914588299	0.4002
5	3011	183.348314588299	0.61382951766
5	3031	185.783940999315	0.4002
5	3050	186.109281414844	0.4002
5	3064	186.492841628943	0.4002
5	3078	186.793241628943	0.691199249336
5	3095	187.603088289698	0.4002
5	3115	189.4504159407	0.4002
5	3129	189.7508159407	0.559269286439
5	3146	190.63352730844	0.4002
5	3163	191.893461118549	0.4002
5	3183	193.734743590036	0.4002
5	3200	194.076397757062	0.4002
5	3217	194.383915480824	0.4002
5	3231	194.684315480824	0.498249561433
5	3248	195.093466042648	0.4002
5	3265	195.976595084607	0.4002
5	3287	196.781392484408	0.4002
5	3301	197.081792484408	0.680287541204
5	3315	197.382192484408	0.800435289219
5	3332	198.747698267602	0.4002
5	3354	199.209429163646	0.4002
5	3368	199.509829163646	0.695893459508
5	3382	199.810229163646	0.837951953277
6	16	1.196074504566	1
6	33	2.09463489305	2
6	50	3.350565651097	3
6	67	5.210169863172	4
6	84	6.133392994643	5
6	101	8.084938330527	6
6	118	8.872139470509	7
6	135	10.751103524712	8
6	152	11.302152011382	9
6	169	12.279158437775	10
6	186	13.317317738439	11
6	203	13.802445902161	12
6	223	14.377965099044	13
6	237	14.731124238182	14
6	256	16.954648660218	15
6	270	17.255048660218	16
6	290	20.327945609239	17
6	304	20.646301750081	18
6	321	21.129903855029	19
6	338	21.77935020328	20
6	355	23.348246320903	21
6	372	25.020457521228	22
6	389	25.773131634541	23
6	406	26.427014201762	24
6	423	27.266447054662	25
6	440	27.765319063678	26
6	457	30.363573149527	27
6	476	32.171942413802	28
6	496	32.472342413802	29
6	510	32.772742413802	30
6	524	33.073142413802	31
6	543	33.792979299942	32
6	560	34.093379299942	33
6	574	34.393779299942	34
6	591	36.060140689035	35
6	608	39.210310617711	36
6	628	40.716094876348	37
6	642	41.016494876348	38
6	659	42.907639987955	39
6	676	44.948532203867	40
6	693	48.793754073009	41
6	710	49.435463245687	42
6	727	51.040702802749	43
6	744	52.654704877642	44
6	761	53.273634337269	45
6	778	54.008598758459	46
6	795	55.525134732449	47
6	815	56.661073674159	48
6	829	56.961473674159	49
6	846	58.062175785821	50
6	863	59.08360766017	51
6	883	59.955928855212	52
6	897	60.256328855212	53
6	914	60.881493194179	54
6	931	63.775913672166	55
6	948	65.19727835226	56
6	968	65.935105644016	57
6	985	66.235505644016	58
6	999	66.582617524877	59
6	1019	67.224312226908	60
6	1036	67.531592579061	61
6	1050	67.831992579061	62
6	1067	69.226050686843	63
6	1084	70.561340871467	64
6	1104	71.17042329465	65
6	1118	71.47082329465	66
6	1141	72.254806490999	67
6	1158	72.555206490999	68
6	1172	72.855606490999	69
6	1186	73.156006490999	70
6	1206	73.772204837235	71
6	1220	74.072604837235	72
6	1240	74.881338003856	73
6	1254	75.181738003856	74
6	1271	76.092327913299	75
6	1288	76.580884962607	76
6	1305	79.458799983885	77
6	1322	81.787713358099	78
6	1339	82.932852312799	79
6	1356	83.530598389617	80
6	1373	83.976116884668	81
6	1390	84.925611468165	82
6	1407	85.500143874906	83
6	1424	87.8264949366	84
6	1447	89.022602736057	85
6	1461	89.323002736057	86
6	1475	89.623402736057	87
6	1492	92.689492936753	88
6	1509	93.788405404304	89
6	1526	94.847239535792	90
6	1546	95.957836981479	91
6	1563	96.258236981479	92
6	1580	96.558636981479	93
6	1597	96.859036981479	94
6	1611	97.159436981479	95
6	1631	98.35194516042	96
6	1645	98.730907124703	97
6	1662	99.666968684474	98
6	1682	100.119070744699	99
6	1696	100.512183302003	100
6	1715	101.356611095531	101
6	1732	101.657011095531	102
6	1746	101.973118562751	103
6	1763	102.978989567918	104
6	1780	107.433486414094	105
6	1800	110.626433056148	106
6	1814	110.926833056148	107
6	1834	111.791894577656	108
6	1848	112.092294577656	109
6	1868	113.034215341852	110
6	1882	113.334615341852	111
6	1899	118.570229237521	112
6	1916	119.628971952615	113
6	1936	120.500887806241	114
6	1950	120.801287806241	115
6	1967	121.328033016591	116
6	1984	121.955974597582	117
6	2004	122.599755599185	118
6	2018	122.900155599185	119
6	2038	123.856896681735	120
6	2055	124.157296681735	121
6	2072	124.457696681735	122
6	2086	124.758096681735	123
6	2103	125.682649079128	124
6	2123	126.750721276278	125
6	2140	127.132277119652	126
6	2154	127.432677119652	127
6	2174	128.787624722177	128
6	2188	129.088024722177	129
6	2205	131.993695210536	130
6	2222	132.453709168276	131
6	2239	133.539978549154	132
6	2261	135.260310206871	133
6	2275	135.560710206871	134
6	2289	135.861110206871	135
6	2306	136.351221600983	136
6	2323	138.171040520267	137
6	2343	139.290854886021	138
6	2357	139.591254886021	139
6	2374	142.965478033674	140
6	2391	146.714509493258	141
6	2408	148.81983079405	142
6	2425	149.452167390446	143
6	2442	150.164750983779	144
6	2461	153.926678268283	145
6	2475	154.227078268283	146
6	2492	154.912483691608	147
6	2509	155.512430578249	148
6	2530	156.856675850401	149
6	2546	157.157075850401	150
6	2562	157.457475850401	151
6	2576	157.757875850401	152
6	2590	158.058275850401	153
6	2610	161.723701030281	154
6	2627	162.024101030281	155
6	2644	162.324501030281	156
6	2658	162.648353346893	157
6	2678	163.303999631257	158
6	2692	163.604399631257	159
6	2712	164.597261794231	160
6	2726	164.979962743093	161
6	2743	167.104199940095	162
6	2760	167.639084315852	163
6	2781	170.142996098937	164
6	2795	170.443396098937	165
6	2809	170.743796098937	166
6	2826	171.632878475566	167
6	2843	172.465721991632	168
6	2860	173.301819523602	169
6	2880	175.305060046109	170
6	2894	175.613474886207	171
6	2911	176.324722823424	172
6	2928	177.065481773871	173
6	2947	179.551064130848	174
6	2961	179.851464130848	175
6	2978	182.190018947225	176
6	2997	183.047914588299	177
6	3011	183.348314588299	178
6	3031	185.783940999315	179
6	3050	186.109281414844	180
6	3064	186.492841628943	181
6	3078	186.793241628943	182
6	3095	187.603088289698	183
6	3115	189.4504159407	184
6	3129	189.7508159407	185
6	3146	190.63352730844	186
6	3163	191.893461118549	187
6	3183	193.734743590036	188
6	3200	194.076397757062	189
6	3217	194.383915480824	190
6	3231	194.684315480824	191
6	3248	195.093466042648	192
6	3265	195.976595084607	193
6	3287	196.781392484408	194
6	3301	197.081792484408	195
6	3315	197.382192484408	196
6	3332	198.747698267602	197
6	3354	199.209429163646	198
6	3368	199.509829163646	199
6	3382	199.810229163646	200

